{"metadata":{"kernelspec":{"display_name":"Python 3 (ipykernel)","language":"python","name":"python3"},"language_info":{"name":"python","version":"3.10.14","mimetype":"text/x-python","codemirror_mode":{"name":"ipython","version":3},"pygments_lexer":"ipython3","nbconvert_exporter":"python","file_extension":".py"}},"nbformat_minor":5,"nbformat":4,"cells":[{"id":"28a9f0ec","cell_type":"code","source":"from h5io_browser.base import _open_hdf, _read_hdf\nimport h5py\nimport posixpath","metadata":{"trusted":true},"outputs":[],"execution_count":1},{"id":"ab8e112a","cell_type":"code","source":"import numpy as np","metadata":{"trusted":true},"outputs":[],"execution_count":2},{"id":"e6506f30-fc93-4ea4-9bf9-823ba069084c","cell_type":"code","source":"def list_groups_and_nodes(hdf, h5_path):\n    \"\"\"\n    Get the list of groups and list of nodes from an open HDF5 file\n\n    Args:\n        hdf (h5py.File): file handle of an open HDF5 file\n        h5_path (str): path inside the HDF5 file\n\n    Returns:\n        list, list: list of groups and list of nodes\n    \"\"\"\n    groups = set()\n    nodes = set()\n    try:\n        h = hdf[h5_path]\n        for k in h.keys():\n            if isinstance(h[k], h5py.Group):\n                groups.add(k)\n            else:\n                nodes.add(k)\n    except KeyError:\n        pass\n    return list(groups), list(nodes)","metadata":{"trusted":true},"outputs":[],"execution_count":3},{"id":"f34e4b06-4d5c-4593-9dd3-0b9fd51261ce","cell_type":"code","source":"def read_dict_from_hdf(\n    file_name, h5_path, recursive=False, group_paths=[], slash=\"ignore\"\n):\n    \"\"\"\n    Read data from HDF5 file into a dictionary - by default only the nodes are converted to dictionaries, additional\n    sub groups can be specified using the group_paths parameter.\n    Args:\n       file_name (str): Name of the file on disk\n       h5_path (str): Path to a group in the HDF5 file from where the data is read\n       recursive (bool): Load all subgroups recursively\n       group_paths (list): list of additional groups to be included in the dictionary, for example:\n                           [\"input\", \"output\", \"output/generic\"]\n                           These groups are defined relative to the h5_path.\n       slash (str): 'ignore' | 'replace' Whether to replace the string {FWDSLASH} with the value /. This does\n                    not apply to the top level name (title). If 'ignore', nothing will be replaced.\n    Returns:\n       dict:     The loaded data. Can be of any type supported by ``write_hdf5``.\n    \"\"\"\n\n    def get_dict_from_nodes(store, h5_path, slash=\"ignore\"):\n        \"\"\"\n        Load all nodes from an HDF5 path into a dictionary\n        Args:\n            store (str): Name of the file on disk, or file-like object.  Note: for files created with the 'core'\n                         driver, HDF5 still requires this be non-empty.:\n            h5_path (str): Path to a group in the HDF5 file from where the data is read\n            slash (str): 'ignore' | 'replace' Whether to replace the string {FWDSLASH} with the value /. This does\n                         not apply to the top level name (title). If 'ignore', nothing will be replaced.\n        Returns:\n            dict:        The loaded data. Can be of any type supported by ``write_hdf5``.\n        \"\"\"\n        return {\n            n: _read_hdf(\n                hdf_filehandle=store,\n                h5_path=get_h5_path(h5_path=h5_path, name=n),\n                slash=slash,\n            )\n            for n in list_groups_and_nodes(hdf=store, h5_path=h5_path)[1]\n        }\n\n    def resolve_nested_dict(group_path, data_dict):\n        \"\"\"\n        Turns a dict with a key containing slashes into a nested dict.  {'/a/b/c': 1} -> {'a': {'b': {'c': 1}\n        Args:\n            group_path (str): path inside the HDF5 file the data_dictionary was loaded from\n            data_dict (dict): dictionary with data loaded from the HDF5 file\n        Returns:\n            dict: hierarchical dictionary\n        \"\"\"\n        groups = group_path.split(\"/\")\n        nested_dict = data_dict\n        for g in groups[::-1]:\n            nested_dict = {g: nested_dict}\n        return nested_dict\n\n    def get_groups_hdf(hdf, h5_path):\n        \"\"\"\n        Get all sub-groups of a given HDF5 path\n        Args:\n            hdf (str): Name of the file on disk, or file-like object.  Note: for files created with the 'core'\n                       driver, HDF5 still requires this be non-empty.:\n            h5_path (str): Path to a group in the HDF5 file from where the data is read\n        Returns:\n            list: list of HDF5 groups\n        \"\"\"\n        try:\n            h = hdf[h5_path]\n            group_lst = []\n            for group in [h[k].name for k in h.keys() if isinstance(h[k], h5py.Group)]:\n                group_lst += [group] + get_groups_hdf(hdf=hdf, h5_path=group)\n            return group_lst\n        except KeyError:\n            return []\n\n    def merge_dict(main_dict, add_dict):\n        \"\"\"\n        Merge two dictionaries recursively\n\n        Args:\n            main_dict (dict): The primary dictionary, the secondary dictionary is merged into\n            add_dict (dict): The secondary dictionary which is merged in the primary dictionary\n\n        Returns:\n            dict: The merged dictionary with all keys\n        \"\"\"\n        for k, v in add_dict.items():\n            if k in main_dict.keys() and isinstance(v, dict):\n                main_dict[k] = merge_dict(main_dict=main_dict[k], add_dict=v)\n            else:\n                main_dict[k] = v\n        return main_dict\n\n    if recursive and len(group_paths) > 0:\n        raise ValueError(\n            \"Loading subgroups can either be defined by the group paths \",\n            group_paths,\n            \" or by the recursive \",\n            recursive,\n            \" parameter. Specifying both lead to this ValueError.\",\n        )\n\n    with _open_hdf(file_name, mode=\"r\") as store:\n        output_dict = get_dict_from_nodes(store=store, h5_path=h5_path, slash=slash)\n        if h5_path == \"/\" and recursive:\n            group_paths = [g[1:] for g in get_groups_hdf(hdf=store, h5_path=h5_path)]\n        elif h5_path[0] != \"/\" and recursive:\n            group_paths = [\n                g[len(\"/\" + h5_path) + 1 :]\n                for g in get_groups_hdf(hdf=store, h5_path=\"/\" + h5_path)\n            ]\n        elif recursive:\n            group_paths = [\n                g[len(h5_path) + 1 :]\n                for g in get_groups_hdf(hdf=store, h5_path=h5_path)\n            ]\n        for group_path in group_paths:\n            output_dict = merge_dict(\n                main_dict=output_dict,\n                add_dict=resolve_nested_dict(\n                    group_path=group_path,\n                    data_dict=get_dict_from_nodes(\n                        store=store,\n                        h5_path=get_h5_path(h5_path=h5_path, name=group_path),\n                        slash=slash,\n                    ),\n                ),\n            )\n    return output_dict","metadata":{"trusted":true},"outputs":[],"execution_count":4},{"id":"80fe461a-e94c-418b-b605-83a4309f7410","cell_type":"code","source":"def get_h5_path(h5_path, name):\n    \"\"\"\n    Combine the current h5_path with the relative path\n\n    Args:\n        h5_path (str): absolute path of the node in the hdf5 file\n        name (str): relative path to be added to the absolute path\n\n    Returns:\n        str: combined path\n    \"\"\"\n    return posixpath.join(h5_path, name)","metadata":{"trusted":true},"outputs":[],"execution_count":5},{"id":"ffd464bb","cell_type":"code","source":"from pyiron_atomistics import Project","metadata":{"trusted":true},"outputs":[],"execution_count":6},{"id":"0d95fc61","cell_type":"code","source":"pr = Project(\"test\")","metadata":{"trusted":true},"outputs":[],"execution_count":7},{"id":"64427095","cell_type":"code","source":"pr.remove_jobs(recursive=True, silently=True)","metadata":{"trusted":true},"outputs":[{"output_type":"display_data","data":{"text/plain":"  0%|          | 0/1 [00:00<?, ?it/s]","application/vnd.jupyter.widget-view+json":{"version_major":2,"version_minor":0,"model_id":"169a2d0765394c878b7b93677572efa9"}},"metadata":{}}],"execution_count":8},{"id":"09b53d07","cell_type":"code","source":"structure = pr.create.structure.ase.bulk(\"Al\", cubic=True)","metadata":{"trusted":true},"outputs":[],"execution_count":9},{"id":"264e6228","cell_type":"code","source":"structure.set_repeat([9,9,9])","metadata":{"trusted":true},"outputs":[{"name":"stderr","text":"/tmp/ipykernel_2350/461746984.py:1: DeprecationWarning: pyiron_atomistics.atomistics.structure.atoms.set_repeat is deprecated: Use Atoms.repeat.\n  structure.set_repeat([9,9,9])\n","output_type":"stream"}],"execution_count":10},{"id":"c2be1def","cell_type":"code","source":"len(structure)","metadata":{"trusted":true},"outputs":[{"execution_count":11,"output_type":"execute_result","data":{"text/plain":"2916"},"metadata":{}}],"execution_count":11},{"id":"e26dd327","cell_type":"code","source":"job = pr.create.job.Lammps(\"lmp\")","metadata":{"trusted":true},"outputs":[],"execution_count":12},{"id":"f29a4da4","cell_type":"code","source":"job.structure =structure","metadata":{"trusted":true},"outputs":[],"execution_count":13},{"id":"80615ce4","cell_type":"code","source":"job.list_potentials()","metadata":{"trusted":true},"outputs":[{"execution_count":14,"output_type":"execute_result","data":{"text/plain":"['1995--Angelo-J-E--Ni-Al-H--LAMMPS--ipr1',\n '1996--Farkas-D--Nb-Ti-Al--LAMMPS--ipr1',\n '1997--Liu-X-Y--Al-Mg--LAMMPS--ipr1',\n '1998--Liu-X-Y--Al-Mg--LAMMPS--ipr1',\n '1999--Liu-X-Y--Al-Cu--LAMMPS--ipr1',\n '1999--Mishin-Y--Al--LAMMPS--ipr1',\n '2000--Landa-A--Al-Pb--LAMMPS--ipr1',\n '2000--Sturgeon-J-B--Al--LAMMPS--ipr1',\n '2002--Mishin-Y--Ni-Al--LAMMPS--ipr1',\n '2003--Lee-B-J--Al--LAMMPS--ipr1',\n '2003--Zope-R-R--Al--LAMMPS--ipr1',\n '2003--Zope-R-R--Ti-Al--LAMMPS--ipr1',\n '2004--Liu-X-Y--Al--LAMMPS--ipr1',\n '2004--Mishin-Y--Ni-Al--LAMMPS--ipr1',\n '2004--Mishin-Y--Ni-Al--LAMMPS--ipr2',\n '2004--Zhou-X-W--Al--LAMMPS--ipr2',\n '2005--Mendelev-M-I--Al-Fe--LAMMPS--ipr1',\n '2007--Silva-A-C--Al-Ni--LAMMPS--ipr1',\n '2008--Mendelev-M-I--Al--LAMMPS--ipr1',\n '2009--Kim-Y-M--Mg-Al--LAMMPS--ipr1',\n '2009--Mendelev-M-I--Al-Mg--LAMMPS--ipr1',\n '2009--Purja-Pun-G-P--Ni-Al--LAMMPS--ipr1',\n '2009--Zhakhovskii-V-V--Al--LAMMPS--ipr2',\n '2010--Lee-E--Fe-Al--LAMMPS--ipr1',\n '2010--Mendelev-M-I--fictional-Al-1--LAMMPS--ipr1',\n '2010--Mendelev-M-I--fictional-Al-2--LAMMPS--ipr1',\n '2010--Mendelev-M-I--fictional-Al-3--LAMMPS--ipr1',\n '2010--Winey-J-M--Al--LAMMPS--ipr1',\n '2011--Apostol-F--Al-Cu--LAMMPS--ipr1',\n '2011--Ko-W-S--Al-H--LAMMPS--ipr1',\n '2012--Dong-W-P--Co-Al--LAMMPS--ipr1',\n '2012--Jelinek-B--Al-Si-Mg-Cu-Fe--LAMMPS--ipr2',\n '2012--Schopf-D--Al-Mn-Pd--LAMMPS--ipr1',\n '2013--Shim-J-H--V-Al--LAMMPS--ipr1',\n '2013--Shim-J-H--V-Al-H--LAMMPS--ipr1',\n '2015--Choudhary-K--Al--LAMMPS--ipr1',\n '2015--Choudhary-K--Al-O--LAMMPS--ipr1',\n '2015--Kim-Y-K--Ni-Al-Co--LAMMPS--ipr1',\n '2015--Kumar-A--Al-Ni--LAMMPS--ipr1',\n '2015--Kumar-A--Al-Ni-O--LAMMPS--ipr1',\n '2015--Mendelev-M-I--Al-Sm--LAMMPS--ipr1',\n '2015--Pascuet-M-I--Al--LAMMPS--ipr1',\n '2015--Pascuet-M-I--Al-U--LAMMPS--ipr2',\n '2015--Purja-Pun-G-P--Al-Co--LAMMPS--ipr2',\n '2015--Purja-Pun-G-P--Ni-Al-Co--LAMMPS--ipr2',\n '2016--Kim-Y-K--Al-Ti--LAMMPS--ipr1',\n '2016--Zhou-X-W--Al-Cu--LAMMPS--ipr2',\n '2017--Botu-V--Al--LAMMPS--ipr1',\n '2017--Kim-J-S--Pt-Al--LAMMPS--ipr1',\n '2017--Kim-Y-K--Ni-Al-Ti--LAMMPS--ipr1',\n '2018--Dickel-D-E--Mg-Al-Zn--LAMMPS--ipr1',\n '2018--Jeong-G-U--Pd-Al--LAMMPS--ipr1',\n '2018--Zhou-X-W--Al-Cu-H--LAMMPS--ipr1',\n '2019--Plummer-G--Ti-Al-C--LAMMPS--ipr1',\n '2020--Farkas-D--Fe-Ni-Cr-Co-Al--LAMMPS--ipr1',\n '2020--Purja-Pun-G-P--Al--LAMMPS--ipr1',\n '2020--Starikov-S--Si-Au-Al--LAMMPS--ipr1',\n '2020--Starikov-S--Si-Au-Al--LAMMPS--ipr2',\n '2021--Plummer-G--Ti-Al-C--LAMMPS--ipr1',\n '2021--Song-H--Al-Sm--LAMMPS--ipr1',\n '2022--Fereidonnejad-R--Al-Hf--LAMMPS--ipr1',\n '2022--Fereidonnejad-R--Al-Nb--LAMMPS--ipr1',\n '2022--Fereidonnejad-R--Al-Ta--LAMMPS--ipr1',\n '2022--Fereidonnejad-R--Al-Ti--LAMMPS--ipr1',\n '2022--Fereidonnejad-R--Al-Zr--LAMMPS--ipr1',\n '2022--Mahata-A--Al-Cu--LAMMPS--ipr1',\n '2022--Mahata-A--Al-Fe--LAMMPS--ipr1',\n '2022--Mahata-A--Al-Ni--LAMMPS--ipr1',\n '2022--Mendelev-M-I--Ni-Al--LAMMPS--ipr1',\n 'EAM_CubicNaturalSpline_ErcolessiAdams_1994_Al__MO_800509458712_002',\n 'EAM_Dynamo_AngeloMoodyBaskes_1995_NiAlH__MO_418978237058_005',\n 'EAM_Dynamo_CaiYe_1996_AlCu__MO_942551040047_005',\n 'EAM_Dynamo_ErcolessiAdams_1994_Al__MO_123629422045_005',\n 'EAM_Dynamo_FarkasJones_1996_NbTiAl__MO_042691367780_000',\n 'EAM_Dynamo_JacobsenNorskovPuska_1987_Al__MO_411692133366_000',\n 'EAM_Dynamo_LandaWynblattSiegel_2000_AlPb__MO_699137396381_005',\n 'EAM_Dynamo_LiuAdams_1998_AlMg__MO_019873715786_000',\n 'EAM_Dynamo_LiuErcolessiAdams_2004_Al__MO_051157671505_000',\n 'EAM_Dynamo_LiuLiuBorucki_1999_AlCu__MO_020851069572_000',\n 'EAM_Dynamo_LiuOhotnickyAdams_1997_AlMg__MO_559870613549_000',\n 'EAM_Dynamo_MendelevAstaRahman_2009_AlMg__MO_658278549784_005',\n 'EAM_Dynamo_MendelevFangYe_2015_AlSm__MO_338600200739_000',\n 'EAM_Dynamo_MendelevKramerBecker_2008_Al__MO_106969701023_005',\n 'EAM_Dynamo_MendelevSrolovitzAckland_2005_AlFe__MO_577453891941_005',\n 'EAM_Dynamo_MishinFarkasMehl_1999_Al__MO_651801486679_005',\n 'EAM_Dynamo_MishinMehlPapaconstantopoulos_2002_NiAl__MO_109933561507_005',\n 'EAM_Dynamo_Mishin_2004_NiAl__MO_101214310689_005',\n 'EAM_Dynamo_PunMishin_2009_NiAl__MO_751354403791_005',\n 'EAM_Dynamo_PunYamakovMishin_2013_AlCo__MO_678952612413_000',\n 'EAM_Dynamo_PunYamakovMishin_2013_NiAlCo__MO_826591359508_000',\n 'EAM_Dynamo_SchopfBrommerFrigan_2012_AlMnPd__MO_137572817842_000',\n 'EAM_Dynamo_SturgeonLaird_2000_Al__MO_120808805541_005',\n 'EAM_Dynamo_VailheFarkas_1997_CoAl__MO_284963179498_005',\n 'EAM_Dynamo_WineyKubotaGupta_2010_Al__MO_149316865608_005',\n 'EAM_Dynamo_Zhakhovsky_2009_Al__MO_519613893196_000',\n 'EAM_Dynamo_ZhouJohnsonWadley_2004NISTretabulation_Al__MO_060567868558_000',\n 'EAM_Dynamo_ZhouJohnsonWadley_2004_Al__MO_131650261510_005',\n 'EAM_Dynamo_ZhouWadleyJohnson_2001_Al__MO_049243498555_000',\n 'EAM_Dynamo_ZopeMishin_2003_Al__MO_664470114311_005',\n 'EAM_Dynamo_ZopeMishin_2003_TiAl__MO_117656786760_005',\n 'EAM_ErcolessiAdams_1994_Al__MO_324507536345_003',\n 'EAM_IMD_BrommerGaehler_2006A_AlNiCo__MO_122703700223_003',\n 'EAM_IMD_BrommerGaehler_2006B_AlNiCo__MO_128037485276_003',\n 'EAM_IMD_SchopfBrommerFrigan_2012_AlMnPd__MO_878712978062_003',\n 'EAM_QuinticClampedSpline_ErcolessiAdams_1994_Al__MO_450093727396_002',\n 'EAM_QuinticHermiteSpline_ErcolessiAdams_1994_Al__MO_781138671863_002',\n 'EMT_Asap_Standard_JacobsenStoltzeNorskov_1996_AlAgAuCuNiPdPt__MO_115316750986_001',\n 'EMT_Asap_Standard_JacobsenStoltzeNorskov_1996_Al__MO_623376124862_001',\n 'MEAM_LAMMPS_AlmyrasSangiovanniSarakinos_2019_NAlTi__MO_958395190627_000',\n 'MEAM_LAMMPS_CostaAgrenClavaguera_2007_AlNi__MO_131642768288_000',\n 'MEAM_LAMMPS_DongKimKo_2012_CoAl__MO_099716416216_000',\n 'MEAM_LAMMPS_JelinekGrohHorstemeyer_2012_AlSiMgCuFe__MO_262519520678_000',\n 'MEAM_LAMMPS_JeongParkDo_2018_PdAl__MO_616482358807_000',\n 'MEAM_LAMMPS_KimJungLee_2015_NiAlCo__MO_876687166519_000',\n 'MEAM_LAMMPS_KimKimJung_2016_AlTi__MO_618133763375_000',\n 'MEAM_LAMMPS_KimKimJung_2017_NiAlTi__MO_478967255435_000',\n 'MEAM_LAMMPS_KimKimLee_2009_AlMg__MO_058537087384_000',\n 'MEAM_LAMMPS_KimSeolJi_2017_PtAl__MO_793141037706_000',\n 'MEAM_LAMMPS_KoShimLee_2011_AlH__MO_127847080751_000',\n 'MEAM_LAMMPS_LeeLee_2010_FeAl__MO_332211522050_000',\n 'MEAM_LAMMPS_PascuetFernandez_2015_AlU__MO_596300673917_000',\n 'MEAM_LAMMPS_PascuetFernandez_2015_Al__MO_315820974149_000',\n 'MEAM_LAMMPS_ShimKoKim_2013_AlVH__MO_344724145339_000',\n 'Morse_Shifted_GirifalcoWeizer_1959HighCutoff_Al__MO_140175748626_004',\n 'Morse_Shifted_GirifalcoWeizer_1959LowCutoff_Al__MO_411898953661_004',\n 'Morse_Shifted_GirifalcoWeizer_1959MedCutoff_Al__MO_279544746097_004',\n 'Sim_LAMMPS_ADP_ApostolMishin_2011_AlCu__SM_667696763561_000',\n 'Sim_LAMMPS_ADP_StarikovGordeevLysogorskiy_2020_SiAuAl__SM_113843830602_000',\n 'Sim_LAMMPS_AGNI_BotuBatraChapman_2017_Al__SM_666183636896_000',\n 'Sim_LAMMPS_BOP_ZhouWardFoster_2016_AlCu__SM_566399258279_000',\n 'Sim_LAMMPS_MEAM_AlmyrasSangiovanniSarakinos_2019_NAlTi__SM_871795249052_000',\n 'Sim_LAMMPS_MEAM_JelinekGrohHorstemeyer_2012_AlSiMgCuFe__SM_656517352485_000',\n 'Sim_LAMMPS_MEAM_PascuetFernandez_2015_AlU__SM_721930391003_000',\n 'Sim_LAMMPS_MEAM_PascuetFernandez_2015_Al__SM_811588957187_000',\n 'Sim_LAMMPS_SMTBQ_SallesPolitanoAmzallag_2016_AlO__SM_853967355976_000',\n 'Sim_LAMMPS_SMTBQ_SallesPolitanoAmzallag_2016_Al__SM_404097633924_000']"},"metadata":{}}],"execution_count":14},{"id":"b5e9c630","cell_type":"code","source":"job.potential = '2002--Mishin-Y--Ni-Al--LAMMPS--ipr1'","metadata":{"trusted":true},"outputs":[],"execution_count":15},{"id":"d3dad632","cell_type":"code","source":"job.calc_md(n_ionic_steps=1000, n_print=10, temperature=500.0)","metadata":{"trusted":true},"outputs":[],"execution_count":16},{"id":"97a17236","cell_type":"code","source":"job.run()","metadata":{"trusted":true},"outputs":[{"name":"stdout","text":"The job lmp was saved and received the ID: 1\n","output_type":"stream"}],"execution_count":17},{"id":"ffe89737-3017-4d1f-918f-536b0af5c9f6","cell_type":"code","source":"job_dict = read_dict_from_hdf(\n    file_name=job.project_hdf5.file_name,\n    h5_path=\"/\",\n    recursive=True,\n    group_paths=[],\n    slash='ignore',\n)\njob_dict","metadata":{"trusted":true},"outputs":[{"execution_count":18,"output_type":"execute_result","data":{"text/plain":"{'lmp': {'HDF_VERSION': '0.1.0',\n  'TYPE': \"<class 'pyiron_atomistics.lammps.lammps.Lammps'>\",\n  'VERSION': '2020.03.03',\n  'OBJECT': 'Lammps',\n  'status': 'finished',\n  'DICT_VERSION': '0.1.0',\n  'NAME': 'Lammps',\n  'job_id': 1,\n  'server': {'NAME': 'Server',\n   'TYPE': \"<class 'pyiron_base.jobs.job.extension.server.generic.Server'>\",\n   'OBJECT': 'Server',\n   'DICT_VERSION': '0.1.0',\n   'user': 'pyiron',\n   'host': 'jupyter-pyiron-2ddev-2dpyiron-2dhdf5-2dformat-2dpfz859ts',\n   'run_mode': 'modal',\n   'queue': None,\n   'qid': None,\n   'cores': 1,\n   'threads': 1,\n   'new_h5': True,\n   'structure_id': None,\n   'run_time': None,\n   'memory_limit': None,\n   'accept_crash': False},\n  'executable': {'NAME': 'Executable',\n   'TYPE': \"<class 'pyiron_base.jobs.job.extension.executable.Executable'>\",\n   'OBJECT': 'Executable',\n   'DICT_VERSION': '0.1.0',\n   'executable': {'NAME': 'DataContainer',\n    'TYPE': \"<class 'pyiron_base.storage.datacontainer.DataContainer'>\",\n    'OBJECT': 'DataContainer',\n    'HDF_VERSION': '0.2.0',\n    'VERSION': '0.1.0',\n    'READ_ONLY': False,\n    'version': '2020.03.03',\n    'name': 'lammps',\n    'operation_system_nt': False,\n    'executable': None,\n    'mpi': False,\n    'accepted_return_codes': [0]}},\n  'input': {'generic_dict': {'restart_file_list': [],\n    'restart_file_dict': {},\n    'exclude_nodes_hdf': [],\n    'exclude_groups_hdf': []},\n   'interactive': {'interactive_flush_frequency': 10000,\n    'interactive_write_frequency': 1},\n   'control_inp': {'TYPE': \"<class 'pyiron_atomistics.lammps.control.LammpsControl'>\",\n    'VERSION': '0.1',\n    'OBJECT': 'LammpsControl',\n    'data_dict': {'Parameter': ['units',\n      'dimension',\n      'boundary',\n      'atom_style',\n      'read_data',\n      'include',\n      'fix___ensemble',\n      'variable___dumptime',\n      'variable___thermotime',\n      'timestep',\n      'velocity',\n      'dump___1',\n      'dump_modify___1',\n      'thermo_style',\n      'thermo_modify',\n      'thermo',\n      'run'],\n     'Value': ['metal',\n      '3',\n      'p p p',\n      'atomic',\n      'structure.inp',\n      'potential.inp',\n      'all nvt temp 500.0 500.0 0.1',\n      ' equal 10 ',\n      ' equal 10 ',\n      '0.001',\n      'all create 1000.0 61040 dist gaussian',\n      'all custom ${dumptime} dump.out id type xsu ysu zsu fx fy fz vx vy vz',\n      'sort id format line \"%d %d %20.15g %20.15g %20.15g %20.15g %20.15g %20.15g %20.15g %20.15g %20.15g\"',\n      'custom step temp pe etotal pxx pxy pxz pyy pyz pzz vol',\n      'format float %20.15g',\n      '${thermotime}',\n      '1000'],\n     'Comment': ['',\n      '',\n      '',\n      '',\n      '',\n      '',\n      '',\n      '',\n      '',\n      '',\n      '',\n      '',\n      '',\n      '',\n      '',\n      '',\n      '']},\n    'DICT_VERSION': '0.1.0',\n    'NAME': 'LammpsControl'},\n   'generic': {'TYPE': \"<class 'pyiron_atomistics.atomistics.job.atomistic.GenericInput'>\",\n    'VERSION': '0.1',\n    'OBJECT': 'GenericInput',\n    'data_dict': {'Parameter': ['calc_mode',\n      'structure',\n      'temperature',\n      'n_ionic_steps',\n      'n_print',\n      'temperature_damping_timescale',\n      'pressure_damping_timescale',\n      'time_step'],\n     'Value': ['md', 'atoms', 500.0, 1000, 10, 100.0, 1000.0, 1],\n     'Comment': ['static, minimize, md',\n      'atoms, continue_final',\n      '',\n      '',\n      '',\n      '',\n      '',\n      '']},\n    'DICT_VERSION': '0.1.0',\n    'NAME': 'GenericInput'},\n   'potential_inp': {'TYPE': \"<class 'pyiron_atomistics.lammps.potential.LammpsPotential'>\",\n    'VERSION': '0.1',\n    'OBJECT': 'LammpsPotential',\n    'data_dict': {'Parameter': ['pair_style', 'pair_coeff'],\n     'Value': ['eam/alloy', '* * NiAl02.eam.alloy Ni Al'],\n     'Comment': ['', '']},\n    'DICT_VERSION': '0.1.0',\n    'NAME': 'LammpsPotential',\n    'potential': {'Filename': ['potential_LAMMPS/2002--Mishin-Y--Ni-Al--LAMMPS--ipr1/NiAl02.eam.alloy'],\n     'Species': ['Ni', 'Al'],\n     'Config': ['pair_style eam/alloy\\n',\n      'pair_coeff * * NiAl02.eam.alloy Ni Al\\n'],\n     'Model': 'NISTiprpy',\n     'Citations': \"[{'Mishin_2002': {'title': 'Embedded-atom potential for B2-NiAl', 'journal': 'Physical Review B', 'volume': '65', 'pages': '224114', 'number': '22', 'doi': '10.1103/physrevb.65.224114', 'publisher': 'American Physical Society (APS)', 'url': 'https://doi.org/10.1103%2Fphysrevb.65.224114', 'year': '2002', 'author': ['Y. Mishin', 'M. J. Mehl', 'D. A. Papaconstantopoulos']}}]\",\n     'Name': '2002--Mishin-Y--Ni-Al--LAMMPS--ipr1'}},\n   'structure': {'species': ['Al'],\n    'info': {},\n    'positions': array([[ 0.   ,  0.   ,  0.   ],\n           [ 0.   ,  2.025,  2.025],\n           [ 2.025,  0.   ,  2.025],\n           ...,\n           [32.4  , 34.425, 34.425],\n           [34.425, 32.4  , 34.425],\n           [34.425, 34.425, 32.4  ]]),\n    'TYPE': \"<class 'pyiron_atomistics.atomistics.structure.atoms.Atoms'>\",\n    'dimension': 3,\n    'units': {'length': 'A', 'mass': 'u'},\n    'indices': array([0, 0, 0, ..., 0, 0, 0]),\n    'cell': {'cell': array([[36.45,  0.  ,  0.  ],\n            [ 0.  , 36.45,  0.  ],\n            [ 0.  ,  0.  , 36.45]]),\n     'pbc': array([ True,  True,  True])}}},\n  'output': {'generic': {'positions': array([[[0.00000000e+00, 0.00000000e+00, 0.00000000e+00],\n            [0.00000000e+00, 2.02500000e+00, 2.02500000e+00],\n            [2.02500000e+00, 1.23995488e-16, 2.02500000e+00],\n            ...,\n            [3.24000000e+01, 3.44250000e+01, 3.44250000e+01],\n            [3.44250000e+01, 3.24000000e+01, 3.44250000e+01],\n            [3.44250000e+01, 3.44250000e+01, 3.24000000e+01]],\n    \n           [[3.64100928e+01, 3.64457272e+01, 3.64351676e+01],\n            [3.64203505e+01, 2.06473061e+00, 2.03741223e+00],\n            [2.06237234e+00, 3.63837751e+01, 2.00522245e+00],\n            ...,\n            [3.23798710e+01, 3.43471875e+01, 3.43395828e+01],\n            [3.44122117e+01, 3.23087439e+01, 3.44809476e+01],\n            [3.44530986e+01, 3.44215987e+01, 3.24917283e+01]],\n    \n           [[3.63799325e+01, 3.64357136e+01, 3.64349242e+01],\n            [3.63957740e+01, 2.07513356e+00, 2.04831656e+00],\n            [2.06853563e+00, 3.63396753e+01, 1.98812503e+00],\n            ...,\n            [3.23604794e+01, 3.42907108e+01, 3.42713620e+01],\n            [3.44003853e+01, 3.22303153e+01, 3.45197498e+01],\n            [3.44863350e+01, 3.44106008e+01, 3.25656762e+01]],\n    \n           ...,\n    \n           [[8.81157303e-02, 3.64962797e-02, 3.63944586e+01],\n            [1.53312015e-01, 2.13753840e+00, 1.97460306e+00],\n            [2.09141449e+00, 5.79880540e-02, 1.97008736e+00],\n            ...,\n            [3.24735751e+01, 3.44144574e+01, 3.45577141e+01],\n            [3.44582542e+01, 3.23276652e+01, 3.43248104e+01],\n            [3.44154267e+01, 3.43403251e+01, 3.24740894e+01]],\n    \n           [[1.00722225e-01, 3.64436963e+01, 3.64053311e+01],\n            [2.23313980e-01, 2.13208473e+00, 1.92247213e+00],\n            [2.06725117e+00, 6.08633325e-02, 2.00543247e+00],\n            ...,\n            [3.25041705e+01, 3.44069393e+01, 3.45181320e+01],\n            [3.45087582e+01, 3.23166685e+01, 3.43105483e+01],\n            [3.43738209e+01, 3.43169086e+01, 3.24482598e+01]],\n    \n           [[1.19139114e-01, 3.64323751e+01, 3.64278592e+01],\n            [2.90385910e-01, 2.13182424e+00, 1.87050130e+00],\n            [2.05879308e+00, 5.74241237e-02, 2.04922298e+00],\n            ...,\n            [3.25284348e+01, 3.43990771e+01, 3.44712897e+01],\n            [3.45510797e+01, 3.23235717e+01, 3.43485605e+01],\n            [3.43489725e+01, 3.43467849e+01, 3.24258566e+01]]]),\n    'velocities': array([[[-4.17644466e-03, -3.17796497e-04, -1.74058904e-03],\n            [-3.05626462e-03,  4.49348627e-03,  1.24385698e-03],\n            [ 4.25350684e-03, -6.97393514e-03, -2.02103353e-03],\n            ...,\n            [-2.04027609e-03, -8.18740187e-03, -8.86294062e-03],\n            [-1.29608075e-03, -9.32262288e-03,  5.93029198e-03],\n            [ 2.68115193e-03, -2.24340292e-04,  9.51488946e-03]],\n    \n           [[-3.63070131e-03, -6.38840375e-04, -9.68062771e-04],\n            [-2.78601510e-03,  2.93077069e-03,  1.21416741e-03],\n            [ 2.67491931e-03, -5.89011435e-03, -1.88754742e-03],\n            ...,\n            [-1.97314102e-03, -6.99766287e-03, -7.91523055e-03],\n            [-1.24801171e-03, -8.71079058e-03,  4.95225231e-03],\n            [ 3.03774530e-03, -5.88243125e-04,  8.51848616e-03]],\n    \n           [[-2.31771998e-03, -1.41760987e-03,  1.08059125e-03],\n            [-2.06519228e-03, -1.13751743e-03,  9.22422804e-04],\n            [-1.81448793e-03, -2.61367527e-03, -1.49617865e-03],\n            ...,\n            [-1.90891020e-03, -4.09251399e-03, -5.55963585e-03],\n            [-1.08462503e-03, -6.74279019e-03,  2.66922376e-03],\n            [ 3.56843946e-03, -1.73355593e-03,  6.08468433e-03]],\n    \n           ...,\n    \n           [[ 8.48400100e-04, -5.33886282e-03,  4.20722121e-04],\n            [ 6.80742707e-03, -7.92135006e-04, -5.02111406e-03],\n            [-2.76094276e-03,  7.19268904e-04,  2.87198783e-03],\n            ...,\n            [ 2.90055518e-03, -7.41140783e-04, -3.29978225e-03],\n            [ 4.86802074e-03, -2.07531595e-03, -4.27638160e-03],\n            [-4.67484972e-03, -4.84468100e-03, -2.64834014e-03]],\n    \n           [[ 1.61376821e-03, -2.90289866e-03,  1.73339663e-03],\n            [ 7.04152842e-03, -2.76923683e-04, -5.31819436e-03],\n            [-1.85451961e-03, -9.08132619e-05,  4.10269293e-03],\n            ...,\n            [ 2.97294152e-03, -7.70214887e-04, -4.46899372e-03],\n            [ 4.86666600e-03, -1.50943263e-04,  1.41287757e-03],\n            [-3.46464175e-03,  3.87054697e-04, -2.44077367e-03]],\n    \n           [[ 2.00548747e-03,  6.91297839e-04,  2.65148196e-03],\n            [ 6.15913614e-03,  1.83665111e-04, -4.92567619e-03],\n            [ 3.82490168e-04, -5.31693112e-04,  4.46937420e-03],\n            ...,\n            [ 1.68156107e-03, -7.90429187e-04, -4.75687321e-03],\n            [ 3.52627099e-03,  1.45831176e-03,  5.76302992e-03],\n            [-1.39365754e-03,  5.24822214e-03, -2.08443074e-03]]]),\n    'volume': array([48427.56112234, 48427.56112234, 48427.56112234, 48427.56112234,\n           48427.56112234, 48427.56112234, 48427.56112234, 48427.56112234,\n           48427.56112234, 48427.56112234, 48427.56112234, 48427.56112234,\n           48427.56112234, 48427.56112234, 48427.56112234, 48427.56112234,\n           48427.56112234, 48427.56112234, 48427.56112234, 48427.56112234,\n           48427.56112234, 48427.56112234, 48427.56112234, 48427.56112234,\n           48427.56112234, 48427.56112234, 48427.56112234, 48427.56112234,\n           48427.56112234, 48427.56112234, 48427.56112234, 48427.56112234,\n           48427.56112234, 48427.56112234, 48427.56112234, 48427.56112234,\n           48427.56112234, 48427.56112234, 48427.56112234, 48427.56112234,\n           48427.56112234, 48427.56112234, 48427.56112234, 48427.56112234,\n           48427.56112234, 48427.56112234, 48427.56112234, 48427.56112234,\n           48427.56112234, 48427.56112234, 48427.56112234, 48427.56112234,\n           48427.56112234, 48427.56112234, 48427.56112234, 48427.56112234,\n           48427.56112234, 48427.56112234, 48427.56112234, 48427.56112234,\n           48427.56112234, 48427.56112234, 48427.56112234, 48427.56112234,\n           48427.56112234, 48427.56112234, 48427.56112234, 48427.56112234,\n           48427.56112234, 48427.56112234, 48427.56112234, 48427.56112234,\n           48427.56112234, 48427.56112234, 48427.56112234, 48427.56112234,\n           48427.56112234, 48427.56112234, 48427.56112234, 48427.56112234,\n           48427.56112234, 48427.56112234, 48427.56112234, 48427.56112234,\n           48427.56112234, 48427.56112234, 48427.56112234, 48427.56112234,\n           48427.56112234, 48427.56112234, 48427.56112234, 48427.56112234,\n           48427.56112234, 48427.56112234, 48427.56112234, 48427.56112234,\n           48427.56112234, 48427.56112234, 48427.56112234, 48427.56112234,\n           48427.56112234]),\n    'natoms': array([2916., 2916., 2916., 2916., 2916., 2916., 2916., 2916., 2916.,\n           2916., 2916., 2916., 2916., 2916., 2916., 2916., 2916., 2916.,\n           2916., 2916., 2916., 2916., 2916., 2916., 2916., 2916., 2916.,\n           2916., 2916., 2916., 2916., 2916., 2916., 2916., 2916., 2916.,\n           2916., 2916., 2916., 2916., 2916., 2916., 2916., 2916., 2916.,\n           2916., 2916., 2916., 2916., 2916., 2916., 2916., 2916., 2916.,\n           2916., 2916., 2916., 2916., 2916., 2916., 2916., 2916., 2916.,\n           2916., 2916., 2916., 2916., 2916., 2916., 2916., 2916., 2916.,\n           2916., 2916., 2916., 2916., 2916., 2916., 2916., 2916., 2916.,\n           2916., 2916., 2916., 2916., 2916., 2916., 2916., 2916., 2916.,\n           2916., 2916., 2916., 2916., 2916., 2916., 2916., 2916., 2916.,\n           2916., 2916.]),\n    'pressures': array([[[ 9.51082199e-01, -1.34571372e-02, -2.64864585e-03],\n            [-1.34571372e-02,  9.21211180e-01,  1.64664295e-02],\n            [-2.64864585e-03,  1.64664295e-02,  9.62473288e-01]],\n    \n           [[ 2.03847824e+00, -7.40946118e-03, -3.08262400e-03],\n            [-7.40946118e-03,  2.01139895e+00,  1.96361354e-02],\n            [-3.08262400e-03,  1.96361354e-02,  2.02922374e+00]],\n    \n           [[ 3.84035376e+00,  3.06061751e-03,  4.81924870e-03],\n            [ 3.06061751e-03,  3.81865924e+00,  2.89510326e-02],\n            [ 4.81924870e-03,  2.89510326e-02,  3.78262191e+00]],\n    \n           [[ 4.08361371e+00, -6.28458744e-03,  1.44718085e-02],\n            [-6.28458744e-03,  4.08355471e+00,  2.53581875e-02],\n            [ 1.44718085e-02,  2.53581875e-02,  4.00076149e+00]],\n    \n           [[ 3.28982237e+00, -3.65940557e-02,  1.59564945e-02],\n            [-3.65940557e-02,  3.33332223e+00,  2.09908507e-02],\n            [ 1.59564945e-02,  2.09908507e-02,  3.24333471e+00]],\n    \n           [[ 3.01661253e+00, -6.94904292e-02,  1.97267150e-02],\n            [-6.94904292e-02,  3.08185790e+00,  1.87845038e-02],\n            [ 1.97267150e-02,  1.87845038e-02,  3.00888961e+00]],\n    \n           [[ 3.18867032e+00, -8.22380667e-02,  1.86426162e-02],\n            [-8.22380667e-02,  3.21219891e+00,  7.63676352e-03],\n            [ 1.86426162e-02,  7.63676352e-03,  3.14960163e+00]],\n    \n           [[ 3.10361122e+00, -5.17623163e-02,  3.64075735e-03],\n            [-5.17623163e-02,  3.06438453e+00,  1.80802397e-03],\n            [ 3.64075735e-03,  1.80802397e-03,  3.00282853e+00]],\n    \n           [[ 2.78745283e+00, -2.13663176e-02, -5.94017683e-03],\n            [-2.13663176e-02,  2.71926480e+00,  2.09555926e-02],\n            [-5.94017683e-03,  2.09555926e-02,  2.67122013e+00]],\n    \n           [[ 2.74672080e+00, -4.42084783e-02,  6.18271028e-03],\n            [-4.42084783e-02,  2.69679331e+00,  4.64190022e-02],\n            [ 6.18271028e-03,  4.64190022e-02,  2.68492442e+00]],\n    \n           [[ 3.05568886e+00, -8.13947594e-02,  2.19682440e-02],\n            [-8.13947594e-02,  3.04641907e+00,  3.11956814e-02],\n            [ 2.19682440e-02,  3.11956814e-02,  3.05554381e+00]],\n    \n           [[ 3.25290911e+00, -7.28829213e-02,  1.84345662e-02],\n            [-7.28829213e-02,  3.25843420e+00, -1.45559976e-02],\n            [ 1.84345662e-02, -1.45559976e-02,  3.27093146e+00]],\n    \n           [[ 3.09308443e+00, -3.05829958e-02,  1.09433157e-02],\n            [-3.05829958e-02,  3.08271154e+00, -3.89591372e-02],\n            [ 1.09433157e-02, -3.89591372e-02,  3.10608585e+00]],\n    \n           [[ 2.92791035e+00, -7.62261523e-03,  1.76676145e-02],\n            [-7.62261523e-03,  2.89597543e+00, -3.02233306e-02],\n            [ 1.76676145e-02, -3.02233306e-02,  2.93416791e+00]],\n    \n           [[ 3.01790646e+00, -7.49029778e-03,  3.72534642e-02],\n            [-7.49029778e-03,  2.99266169e+00, -8.88278151e-03],\n            [ 3.72534642e-02, -8.88278151e-03,  3.02430146e+00]],\n    \n           [[ 3.14767751e+00, -1.16897788e-02,  3.87217166e-02],\n            [-1.16897788e-02,  3.15506138e+00, -4.09378253e-03],\n            [ 3.87217166e-02, -4.09378253e-03,  3.15382594e+00]],\n    \n           [[ 3.09963239e+00, -9.00407994e-04,  1.16036014e-02],\n            [-9.00407994e-04,  3.14190756e+00, -3.31679750e-02],\n            [ 1.16036014e-02, -3.31679750e-02,  3.08329701e+00]],\n    \n           [[ 2.99383753e+00,  3.95853419e-02, -9.78335917e-03],\n            [ 3.95853419e-02,  3.04654933e+00, -5.62560540e-02],\n            [-9.78335917e-03, -5.62560540e-02,  2.94071733e+00]],\n    \n           [[ 3.01251613e+00,  5.94939065e-02, -8.65159045e-03],\n            [ 5.94939065e-02,  3.02594927e+00, -2.92940880e-02],\n            [-8.65159045e-03, -2.92940880e-02,  2.94112133e+00]],\n    \n           [[ 3.09667320e+00,  3.12466478e-02,  9.50640284e-03],\n            [ 3.12466478e-02,  3.04886748e+00,  2.84465562e-02],\n            [ 9.50640284e-03,  2.84465562e-02,  3.05631340e+00]],\n    \n           [[ 3.07689047e+00,  1.90502810e-02,  9.23679455e-03],\n            [ 1.90502810e-02,  3.00532492e+00,  4.61022068e-02],\n            [ 9.23679455e-03,  4.61022068e-02,  3.08801059e+00]],\n    \n           [[ 2.98075091e+00,  3.42543177e-02, -1.26899810e-02],\n            [ 3.42543177e-02,  2.93880481e+00, -2.94719787e-03],\n            [-1.26899810e-02, -2.94719787e-03,  3.01334531e+00]],\n    \n           [[ 2.97178397e+00,  3.24349269e-02, -1.56893301e-02],\n            [ 3.24349269e-02,  2.98295788e+00, -5.30398121e-02],\n            [-1.56893301e-02, -5.30398121e-02,  3.00502624e+00]],\n    \n           [[ 3.07827388e+00,  8.31832051e-03,  5.03329296e-03],\n            [ 8.31832051e-03,  3.11979798e+00, -3.98010988e-02],\n            [ 5.03329296e-03, -3.98010988e-02,  3.08179669e+00]],\n    \n           [[ 3.16897297e+00,  1.26449229e-03,  2.35534342e-02],\n            [ 1.26449229e-03,  3.20079574e+00,  1.51023677e-02],\n            [ 2.35534342e-02,  1.51023677e-02,  3.11976703e+00]],\n    \n           [[ 3.11860902e+00,  2.41626493e-02,  1.65718153e-02],\n            [ 2.41626493e-02,  3.13969637e+00,  6.47583411e-02],\n            [ 1.65718153e-02,  6.47583411e-02,  3.07063103e+00]],\n    \n           [[ 3.00635101e+00,  4.03051242e-02, -8.63365091e-03],\n            [ 4.03051242e-02,  3.03108854e+00,  7.55740453e-02],\n            [-8.63365091e-03,  7.55740453e-02,  3.00371618e+00]],\n    \n           [[ 2.98368481e+00,  2.74693047e-02, -2.34933680e-02],\n            [ 2.74693047e-02,  3.00187570e+00,  5.62269128e-02],\n            [-2.34933680e-02,  5.62269128e-02,  3.00176524e+00]],\n    \n           [[ 3.06716236e+00, -1.08427773e-02, -2.50988474e-02],\n            [-1.08427773e-02,  3.06615561e+00,  4.55816916e-02],\n            [-2.50988474e-02,  4.55816916e-02,  3.06924951e+00]],\n    \n           [[ 3.12059092e+00, -3.31361014e-02, -2.78205706e-02],\n            [-3.31361014e-02,  3.11208319e+00,  4.07714611e-02],\n            [-2.78205706e-02,  4.07714611e-02,  3.10578748e+00]],\n    \n           [[ 3.04743802e+00, -2.82272673e-03, -3.41834029e-02],\n            [-2.82272673e-03,  3.05516961e+00,  2.30135891e-02],\n            [-3.41834029e-02,  2.30135891e-02,  3.03443527e+00]],\n    \n           [[ 2.99151519e+00,  4.35601152e-02, -3.82497375e-02],\n            [ 4.35601152e-02,  3.01083492e+00,  3.53833162e-03],\n            [-3.82497375e-02,  3.53833162e-03,  2.97333680e+00]],\n    \n           [[ 3.05015524e+00,  6.86246575e-02, -3.16265466e-02],\n            [ 6.86246575e-02,  3.06304387e+00, -1.63987434e-02],\n            [-3.16265466e-02, -1.63987434e-02,  3.00497769e+00]],\n    \n           [[ 3.10263603e+00,  6.02126574e-02, -7.85632422e-03],\n            [ 6.02126574e-02,  3.11137138e+00, -3.99835598e-02],\n            [-7.85632422e-03, -3.99835598e-02,  3.05231465e+00]],\n    \n           [[ 3.05963735e+00,  3.23107717e-02,  1.13316289e-02],\n            [ 3.23107717e-02,  3.09246776e+00, -4.06295900e-02],\n            [ 1.13316289e-02, -4.06295900e-02,  3.06326169e+00]],\n    \n           [[ 2.98021932e+00,  1.29569664e-02,  9.59569994e-03],\n            [ 1.29569664e-02,  3.05729892e+00, -2.46208412e-02],\n            [ 9.59569994e-03, -2.46208412e-02,  3.05229763e+00]],\n    \n           [[ 2.96602563e+00,  1.61166297e-02, -2.83510294e-03],\n            [ 1.61166297e-02,  3.06078479e+00, -2.61076526e-02],\n            [-2.83510294e-03, -2.61076526e-02,  3.02734575e+00]],\n    \n           [[ 3.00449139e+00,  3.02675106e-02, -7.98542921e-03],\n            [ 3.02675106e-02,  3.07095588e+00, -4.69856675e-02],\n            [-7.98542921e-03, -4.69856675e-02,  2.99269039e+00]],\n    \n           [[ 3.04892415e+00,  2.57852398e-02, -6.65486056e-03],\n            [ 2.57852398e-02,  3.05482498e+00, -6.37321942e-02],\n            [-6.65486056e-03, -6.37321942e-02,  2.96997398e+00]],\n    \n           [[ 3.06844459e+00,  2.26874365e-03,  2.49901716e-03],\n            [ 2.26874365e-03,  3.00982678e+00, -6.81092489e-02],\n            [ 2.49901716e-03, -6.81092489e-02,  2.98507822e+00]],\n    \n           [[ 3.04746436e+00, -1.39900041e-02,  1.59764079e-02],\n            [-1.39900041e-02,  2.97014920e+00, -5.60530682e-02],\n            [ 1.59764079e-02, -5.60530682e-02,  3.01620674e+00]],\n    \n           [[ 3.03978593e+00, -9.01515327e-03,  3.35863068e-04],\n            [-9.01515327e-03,  2.99990260e+00, -2.60664087e-02],\n            [ 3.35863068e-04, -2.60664087e-02,  3.02639636e+00]],\n    \n           [[ 3.07441174e+00,  1.85088225e-02, -1.61342415e-02],\n            [ 1.85088225e-02,  3.07642603e+00, -9.64601702e-03],\n            [-1.61342415e-02, -9.64601702e-03,  3.02050299e+00]],\n    \n           [[ 3.07759980e+00,  5.72916456e-02, -4.