{"metadata":{"kernelspec":{"display_name":"Python 3 (ipykernel)","language":"python","name":"python3"},"language_info":{"name":"python","version":"3.10.14","mimetype":"text/x-python","codemirror_mode":{"name":"ipython","version":3},"pygments_lexer":"ipython3","nbconvert_exporter":"python","file_extension":".py"}},"nbformat_minor":5,"nbformat":4,"cells":[{"id":"28a9f0ec","cell_type":"code","source":"from h5io_browser.base import _open_hdf, _read_hdf\nimport h5py\nimport posixpath","metadata":{"trusted":true},"outputs":[],"execution_count":1},{"id":"ab8e112a","cell_type":"code","source":"import numpy as np","metadata":{"trusted":true},"outputs":[],"execution_count":2},{"id":"25d2d358-203b-41c9-b0fa-788f9ce18cb3","cell_type":"code","source":"def list_groups_and_nodes(hdf, h5_path):\n    \"\"\"\n    Get the list of groups and list of nodes from an open HDF5 file\n\n    Args:\n        hdf (h5py.File): file handle of an open HDF5 file\n        h5_path (str): path inside the HDF5 file\n\n    Returns:\n        list, list: list of groups and list of nodes\n    \"\"\"\n    groups = set()\n    nodes = set()\n    try:\n        h = hdf[h5_path]\n        for k in h.keys():\n            if isinstance(h[k], h5py.Group):\n                groups.add(k)\n            else:\n                nodes.add(k)\n    except KeyError:\n        pass\n    return list(groups), list(nodes)","metadata":{"trusted":true},"outputs":[],"execution_count":3},{"id":"c100f38a-a0cb-4db5-8b1e-b200df974484","cell_type":"code","source":"def get_h5_path(h5_path, name):\n    \"\"\"\n    Combine the current h5_path with the relative path\n\n    Args:\n        h5_path (str): absolute path of the node in the hdf5 file\n        name (str): relative path to be added to the absolute path\n\n    Returns:\n        str: combined path\n    \"\"\"\n    return posixpath.join(h5_path, name)","metadata":{"trusted":true},"outputs":[],"execution_count":4},{"id":"036c3653-39d0-418d-bf68-76b779843894","cell_type":"code","source":"def read_dict_from_hdf(\n    file_name, h5_path, recursive=False, group_paths=[], slash=\"ignore\"\n):\n    \"\"\"\n    Read data from HDF5 file into a dictionary - by default only the nodes are converted to dictionaries, additional\n    sub groups can be specified using the group_paths parameter.\n    Args:\n       file_name (str): Name of the file on disk\n       h5_path (str): Path to a group in the HDF5 file from where the data is read\n       recursive (bool): Load all subgroups recursively\n       group_paths (list): list of additional groups to be included in the dictionary, for example:\n                           [\"input\", \"output\", \"output/generic\"]\n                           These groups are defined relative to the h5_path.\n       slash (str): 'ignore' | 'replace' Whether to replace the string {FWDSLASH} with the value /. This does\n                    not apply to the top level name (title). If 'ignore', nothing will be replaced.\n    Returns:\n       dict:     The loaded data. Can be of any type supported by ``write_hdf5``.\n    \"\"\"\n\n    def get_dict_from_nodes(store, h5_path, slash=\"ignore\"):\n        \"\"\"\n        Load all nodes from an HDF5 path into a dictionary\n        Args:\n            store (str): Name of the file on disk, or file-like object.  Note: for files created with the 'core'\n                         driver, HDF5 still requires this be non-empty.:\n            h5_path (str): Path to a group in the HDF5 file from where the data is read\n            slash (str): 'ignore' | 'replace' Whether to replace the string {FWDSLASH} with the value /. This does\n                         not apply to the top level name (title). If 'ignore', nothing will be replaced.\n        Returns:\n            dict:        The loaded data. Can be of any type supported by ``write_hdf5``.\n        \"\"\"\n        return {\n            n: _read_hdf(\n                hdf_filehandle=store,\n                h5_path=get_h5_path(h5_path=h5_path, name=n),\n                slash=slash,\n            )\n            for n in list_groups_and_nodes(hdf=store, h5_path=h5_path)[1]\n        }\n\n    def resolve_nested_dict(group_path, data_dict):\n        \"\"\"\n        Turns a dict with a key containing slashes into a nested dict.  {'/a/b/c': 1} -> {'a': {'b': {'c': 1}\n        Args:\n            group_path (str): path inside the HDF5 file the data_dictionary was loaded from\n            data_dict (dict): dictionary with data loaded from the HDF5 file\n        Returns:\n            dict: hierarchical dictionary\n        \"\"\"\n        groups = group_path.split(\"/\")\n        nested_dict = data_dict\n        for g in groups[::-1]:\n            nested_dict = {g: nested_dict}\n        return nested_dict\n\n    def get_groups_hdf(hdf, h5_path):\n        \"\"\"\n        Get all sub-groups of a given HDF5 path\n        Args:\n            hdf (str): Name of the file on disk, or file-like object.  Note: for files created with the 'core'\n                       driver, HDF5 still requires this be non-empty.:\n            h5_path (str): Path to a group in the HDF5 file from where the data is read\n        Returns:\n            list: list of HDF5 groups\n        \"\"\"\n        try:\n            h = hdf[h5_path]\n            group_lst = []\n            for group in [h[k].name for k in h.keys() if isinstance(h[k], h5py.Group)]:\n                group_lst += [group] + get_groups_hdf(hdf=hdf, h5_path=group)\n            return group_lst\n        except KeyError:\n            return []\n\n    def merge_dict(main_dict, add_dict):\n        \"\"\"\n        Merge two dictionaries recursively\n\n        Args:\n            main_dict (dict): The primary dictionary, the secondary dictionary is merged into\n            add_dict (dict): The secondary dictionary which is merged in the primary dictionary\n\n        Returns:\n            dict: The merged dictionary with all keys\n        \"\"\"\n        for k, v in add_dict.items():\n            if k in main_dict.keys() and isinstance(v, dict):\n                main_dict[k] = merge_dict(main_dict=main_dict[k], add_dict=v)\n            else:\n                main_dict[k] = v\n        return main_dict\n\n    if recursive and len(group_paths) > 0:\n        raise ValueError(\n            \"Loading subgroups can either be defined by the group paths \",\n            group_paths,\n            \" or by the recursive \",\n            recursive,\n            \" parameter. Specifying both lead to this ValueError.\",\n        )\n\n    with _open_hdf(file_name, mode=\"r\") as store:\n        output_dict = get_dict_from_nodes(store=store, h5_path=h5_path, slash=slash)\n        if h5_path == \"/\" and recursive:\n            group_paths = [g[1:] for g in get_groups_hdf(hdf=store, h5_path=h5_path)]\n        elif h5_path[0] != \"/\" and recursive:\n            group_paths = [\n                g[len(\"/\" + h5_path) + 1 :]\n                for g in get_groups_hdf(hdf=store, h5_path=\"/\" + h5_path)\n            ]\n        elif recursive:\n            group_paths = [\n                g[len(h5_path) + 1 :]\n                for g in get_groups_hdf(hdf=store, h5_path=h5_path)\n            ]\n        for group_path in group_paths:\n            output_dict = merge_dict(\n                main_dict=output_dict,\n                add_dict=resolve_nested_dict(\n                    group_path=group_path,\n                    data_dict=get_dict_from_nodes(\n                        store=store,\n                        h5_path=get_h5_path(h5_path=h5_path, name=group_path),\n                        slash=slash,\n                    ),\n                ),\n            )\n    return output_dict","metadata":{"trusted":true},"outputs":[],"execution_count":5},{"id":"ffd464bb","cell_type":"code","source":"from pyiron_atomistics import Project","metadata":{"trusted":true},"outputs":[],"execution_count":6},{"id":"0d95fc61","cell_type":"code","source":"pr = Project(\"test\")","metadata":{"trusted":true},"outputs":[],"execution_count":7},{"id":"64427095","cell_type":"code","source":"pr.remove_jobs(recursive=True, silently=True)","metadata":{"trusted":true},"outputs":[{"output_type":"display_data","data":{"text/plain":"  0%|          | 0/1 [00:00<?, ?it/s]","application/vnd.jupyter.widget-view+json":{"version_major":2,"version_minor":0,"model_id":"f057d01d868d44a5bd2e36e43819048e"}},"metadata":{}}],"execution_count":8},{"id":"09b53d07","cell_type":"code","source":"structure = pr.create.structure.ase.bulk(\"Al\", cubic=True)","metadata":{"trusted":true},"outputs":[],"execution_count":9},{"id":"c2be1def","cell_type":"code","source":"len(structure)","metadata":{"trusted":true},"outputs":[{"execution_count":10,"output_type":"execute_result","data":{"text/plain":"4"},"metadata":{}}],"execution_count":10},{"id":"e26dd327","cell_type":"code","source":"job = pr.create.job.Sphinx(\"sx\")","metadata":{"trusted":true},"outputs":[],"execution_count":11},{"id":"f29a4da4","cell_type":"code","source":"job.structure = structure","metadata":{"trusted":true},"outputs":[],"execution_count":12},{"id":"d3dad632","cell_type":"code","source":"job.calc_minimize()","metadata":{"trusted":true},"outputs":[],"execution_count":13},{"id":"97a17236","cell_type":"code","source":"job.run()","metadata":{"trusted":true},"outputs":[{"name":"stdout","text":"The job sx was saved and received the ID: 1\n","output_type":"stream"}],"execution_count":14},{"id":"3f9aa391-583f-473a-99dd-1677a1fc8ba9","cell_type":"code","source":"job_dict = read_dict_from_hdf(\n    file_name=job.project_hdf5.file_name,\n    h5_path=\"/\",\n    recursive=True,\n    group_paths=[],\n    slash='ignore',\n)\njob_dict","metadata":{"trusted":true},"outputs":[{"execution_count":15,"output_type":"execute_result","data":{"text/plain":"{'sx': {'job_id': 1,\n  'VERSION': '2.6.1',\n  'TYPE': \"<class 'pyiron_atomistics.sphinx.sphinx.Sphinx'>\",\n  'server': {'NAME': 'Server',\n   'TYPE': \"<class 'pyiron_base.jobs.job.extension.server.generic.Server'>\",\n   'OBJECT': 'Server',\n   'DICT_VERSION': '0.1.0',\n   'user': 'pyiron',\n   'host': 'jupyter-pyiron-2ddev-2dpyiron-2dhdf5-2dformat-2dpfz859ts',\n   'run_mode': 'modal',\n   'queue': None,\n   'qid': None,\n   'cores': 1,\n   'threads': 1,\n   'new_h5': True,\n   'structure_id': None,\n   'run_time': None,\n   'memory_limit': None,\n   'accept_crash': False},\n  'HDF_VERSION': '0.1.0',\n  'DICT_VERSION': '0.1.0',\n  'status': 'finished',\n  'executable': {'NAME': 'Executable',\n   'TYPE': \"<class 'pyiron_base.jobs.job.extension.executable.Executable'>\",\n   'OBJECT': 'Executable',\n   'DICT_VERSION': '0.1.0',\n   'executable': {'NAME': 'DataContainer',\n    'TYPE': \"<class 'pyiron_base.storage.datacontainer.DataContainer'>\",\n    'OBJECT': 'DataContainer',\n    'HDF_VERSION': '0.2.0',\n    'VERSION': '0.1.0',\n    'READ_ONLY': False,\n    'version': '2.6.1',\n    'name': 'sphinx',\n    'operation_system_nt': False,\n    'executable': None,\n    'mpi': False,\n    'accepted_return_codes': [0]}},\n  'NAME': 'Sphinx',\n  'OBJECT': 'Sphinx',\n  'input': {'generic_dict': {'restart_file_list': [],\n    'restart_file_dict': {},\n    'exclude_nodes_hdf': [],\n    'exclude_groups_hdf': []},\n   'interactive': {'interactive_flush_frequency': 1,\n    'interactive_write_frequency': 1},\n   'generic': {'VERSION': '0.1',\n    'TYPE': \"<class 'pyiron_atomistics.atomistics.job.atomistic.GenericInput'>\",\n    'data_dict': {'Parameter': ['calc_mode',\n      'structure',\n      'fix_symmetry',\n      'k_mesh_spacing',\n      'k_mesh_center_shift',\n      'reduce_kpoint_symmetry',\n      'restart_for_band_structure',\n      'path_name',\n      'n_path',\n      'fix_spin_constraint',\n      'max_iter',\n      'pressure'],\n     'Value': ['minimize',\n      'atoms',\n      'True',\n      None,\n      None,\n      True,\n      False,\n      None,\n      None,\n      False,\n      None,\n      None],\n     'Comment': ['static, minimize, md',\n      'atoms, continue_final',\n      '',\n      '',\n      '',\n      '',\n      '',\n      '',\n      '',\n      '',\n      '',\n      '']},\n    'DICT_VERSION': '0.1.0',\n    'NAME': 'GenericInput',\n    'OBJECT': 'GenericInput'},\n   'parameters': {'use_on_the_fly_cg_optimization__index_20': 1,\n    'WriteWaves__index_11': 1,\n    'rhoMixing__index_14': 1.0,\n    'rhoResidualScaling__index_16': 1.0,\n    'EmptyStates__index_4': 7,\n    'Sigma__index_6': 0.2,\n    'THREADS__index_19': 1,\n    'KJxc__index_12': 0,\n    'SaveMemory__index_13': 1,\n    'Xcorr__index_7': 'PBE',\n    'KpointFolding__index_3': [4, 4, 4],\n    'Estep__index_9': 100,\n    'KpointCoords__index_2': [0.5, 0.5, 0.5],\n    'NAME': 'Group',\n    'Ediff__index_10': 0.0001,\n    'Istep__index_21': 100,\n    'MethfesselPaxton__index_5': 1,\n    'spinMixing__index_15': 1.0,\n    'EnCut__index_1': 340,\n    'OBJECT': 'Group',\n    'READ_ONLY': 0,\n    'VERSION': '0.1.0',\n    'TYPE': \"<class 'pyiron_atomistics.sphinx.input_writer.Group'>\",\n    'spinResidualScaling__index_17': 1.0,\n    'HDF_VERSION': '0.2.0',\n    'VaspPot__index_8': 0,\n    'CheckOverlap__index_18': 1,\n    'sphinx__index_0': {'READ_ONLY': 0,\n     'VERSION': '0.1.0',\n     'TYPE': \"<class 'pyiron_atomistics.sphinx.input_writer.Group'>\",\n     'HDF_VERSION': '0.2.0',\n     'NAME': 'Group',\n     'OBJECT': 'Group',\n     'PAWHamiltonian__index_3': {'READ_ONLY': 0,\n      'MethfesselPaxton__index_2': 1,\n      'VERSION': '0.1.0',\n      'TYPE': \"<class 'pyiron_atomistics.sphinx.input_writer.Group'>\",\n      'spinPolarized__index_4': 0,\n      'HDF_VERSION': '0.2.0',\n      'nEmptyStates__index_0': 7,\n      'ekt__index_1': 0.2,\n      'xc__index_3': 'PBE',\n      'NAME': 'Group',\n      'OBJECT': 'Group'},\n     'basis__index_2': {'eCut__index_0': 24.989539079445393,\n      'READ_ONLY': 0,\n      'folding__index_2': array([4, 4, 4]),\n      'VERSION': '0.1.0',\n      'saveMemory__index_3': 1,\n      'TYPE': \"<class 'pyiron_atomistics.sphinx.input_writer.Group'>\",\n      'HDF_VERSION': '0.2.0',\n      'NAME': 'Group',\n      'OBJECT': 'Group',\n      'kPoint__index_1': {'READ_ONLY': 0,\n       'weight__index_1': 1,\n       'VERSION': '0.1.0',\n       'TYPE': \"<class 'pyiron_atomistics.sphinx.input_writer.Group'>\",\n       'HDF_VERSION': '0.2.0',\n       'relative__index_2': 1,\n       'coords__index_0': array([0.5, 0.5, 0.5]),\n       'NAME': 'Group',\n       'OBJECT': 'Group'}},\n     'initialGuess__index_4': {'noWavesStorage__index_2': 0,\n      'READ_ONLY': 0,\n      'VERSION': '0.1.0',\n      'TYPE': \"<class 'pyiron_atomistics.sphinx.input_writer.Group'>\",\n      'HDF_VERSION': '0.2.0',\n      'NAME': 'Group',\n      'OBJECT': 'Group',\n      'rho__index_1': {'READ_ONLY': 0,\n       'VERSION': '0.1.0',\n       'atomicOrbitals__index_0': 1,\n       'TYPE': \"<class 'pyiron_atomistics.sphinx.input_writer.Group'>\",\n       'HDF_VERSION': '0.2.0',\n       'NAME': 'Group',\n       'OBJECT': 'Group'},\n      'waves__index_0': {'READ_ONLY': 0,\n       'VERSION': '0.1.0',\n       'TYPE': \"<class 'pyiron_atomistics.sphinx.input_writer.Group'>\",\n       'pawBasis__index_0': 1,\n       'HDF_VERSION': '0.2.0',\n       'NAME': 'Group',\n       'OBJECT': 'Group',\n       'lcao__index_1': {'READ_ONLY': 0,\n        'VERSION': '0.1.0',\n        'TYPE': \"<class 'pyiron_atomistics.sphinx.input_writer.Group'>\",\n        'HDF_VERSION': '0.2.0',\n        'NAME': 'Group',\n        'OBJECT': 'Group'}}},\n     'main__index_5': {'READ_ONLY': 0,\n      'VERSION': '0.1.0',\n      'TYPE': \"<class 'pyiron_atomistics.sphinx.input_writer.Group'>\",\n      'HDF_VERSION': '0.2.0',\n      'NAME': 'Group',\n      'OBJECT': 'Group',\n      'ricQN__index_0': {'READ_ONLY': 0,\n       'VERSION': '0.1.0',\n       'maxStepLength__index_1': '0.18897261246257704',\n       'TYPE': \"<class 'pyiron_atomistics.sphinx.input_writer.Group'>\",\n       'HDF_VERSION': '0.2.0',\n       'maxSteps__index_0': '100',\n       'NAME': 'Group',\n       'OBJECT': 'Group',\n       'bornOppenheimer__index_2': {'READ_ONLY': 0,\n        'VERSION': '0.1.0',\n        'TYPE': \"<class 'pyiron_atomistics.sphinx.input_writer.Group'>\",\n        'HDF_VERSION': '0.2.0',\n        'NAME': 'Group',\n        'OBJECT': 'Group',\n        'scfDiag__index_0': {'dEnergy__index_2': 3.674932217565499e-06,\n         'READ_ONLY': 0,\n         'VERSION': '0.1.0',\n         'TYPE': \"<class 'pyiron_atomistics.sphinx.input_writer.Group'>\",\n         'spinMixing__index_1': '1.0',\n         'HDF_VERSION': '0.2.0',\n         'rhoMixing__index_0': '1.0',\n         'maxSteps__index_3': '100',\n         'NAME': 'Group',\n         'OBJECT': 'Group',\n         'blockCCG__index_5': {'READ_ONLY': 0,\n          'VERSION': '0.1.0',\n          'TYPE': \"<class 'pyiron_atomistics.sphinx.input_writer.Group'>\",\n          'HDF_VERSION': '0.2.0',\n          'NAME': 'Group',\n          'OBJECT': 'Group'},\n         'preconditioner__index_4': {'READ_ONLY': 0,\n          'scaling__index_1': 1.0,\n          'type__index_0': 'KERKER',\n          'VERSION': '0.1.0',\n          'TYPE': \"<class 'pyiron_atomistics.sphinx.input_writer.Group'>\",\n          'HDF_VERSION': '0.2.0',\n          'NAME': 'Group',\n          'spinScaling__index_2': 1.0,\n          'OBJECT': 'Group'}}}}},\n     'pawPot__index_0': {'READ_ONLY': 0,\n      'VERSION': '0.1.0',\n      'TYPE': \"<class 'pyiron_atomistics.sphinx.input_writer.Group'>\",\n      'HDF_VERSION': '0.2.0',\n      'NAME': 'Group',\n      'OBJECT': 'Group',\n      'species__index_0': {'READ_ONLY': 0,\n       'VERSION': '0.1.0',\n       'TYPE': \"<class 'pyiron_atomistics.sphinx.input_writer.Group'>\",\n       'HDF_VERSION': '0.2.0',\n       'NAME': 'Group',\n       'OBJECT': 'Group',\n       '__index_0': {'READ_ONLY': 0,\n        'VERSION': '0.1.0',\n        'potType__index_1': '\"AtomPAW\"',\n        'element__index_2': '\"Al\"',\n        'TYPE': \"<class 'pyiron_atomistics.sphinx.input_writer.Group'>\",\n        'HDF_VERSION': '0.2.0',\n        'name__index_0': '\"Al\"',\n        'potential__index_3': '\"Al_GGA.atomicdata\"',\n        'NAME': 'Group',\n        'OBJECT': 'Group'}}},\n     'structure__index_1': {'READ_ONLY': 0,\n      'VERSION': '0.1.0',\n      'TYPE': \"<class 'pyiron_atomistics.sphinx.input_writer.Group'>\",\n      'cell__index_0': array([[7.6533908, 0.       , 0.       ],\n             [0.       , 7.6533908, 0.       ],\n             [0.       , 0.       , 7.6533908]]),\n      'HDF_VERSION': '0.2.0',\n      'NAME': 'Group',\n      'OBJECT': 'Group',\n      'species__index_1': {'READ_ONLY': 0,\n       'VERSION': '0.1.0',\n       'TYPE': \"<class 'pyiron_atomistics.sphinx.input_writer.Group'>\",\n       'HDF_VERSION': '0.2.0',\n       'NAME': 'Group',\n       'OBJECT': 'Group',\n       '__index_0': {'READ_ONLY': 0,\n        'VERSION': '0.1.0',\n        'TYPE': \"<class 'pyiron_atomistics.sphinx.input_writer.Group'>\",\n        'HDF_VERSION': '0.2.0',\n        'element__index_0': '\"Al\"',\n        'NAME': 'Group',\n        'OBJECT': 'Group',\n        'atom__index_1': {'READ_ONLY': 0,\n         'VERSION': '0.1.0',\n         'TYPE': \"<class 'pyiron_atomistics.sphinx.input_writer.Group'>\",\n         'HDF_VERSION': '0.2.0',\n         'NAME': 'Group',\n         'OBJECT': 'Group',\n         '__index_0': {'label__index_0': '\"spin_0.0\"',\n          'READ_ONLY': 0,\n          'VERSION': '0.1.0',\n          'coords__index_1': array([0., 0., 0.]),\n          'TYPE': \"<class 'pyiron_atomistics.sphinx.input_writer.Group'>\",\n          'HDF_VERSION': '0.2.0',\n          'movable__index_2': 1,\n          'NAME': 'Group',\n          'OBJECT': 'Group'},\n         '__index_1': {'label__index_0': '\"spin_0.0\"',\n          'READ_ONLY': 0,\n          'VERSION': '0.1.0',\n          'coords__index_1': array([0.       , 3.8266954, 3.8266954]),\n          'TYPE': \"<class 'pyiron_atomistics.sphinx.input_writer.Group'>\",\n          'HDF_VERSION': '0.2.0',\n          'movable__index_2': 1,\n          'NAME': 'Group',\n          'OBJECT': 'Group'},\n         '__index_2': {'label__index_0': '\"spin_0.0\"',\n          'READ_ONLY': 0,\n          'VERSION': '0.1.0',\n          'coords__index_1': array([3.8266954, 0.       , 3.8266954]),\n          'TYPE': \"<class 'pyiron_atomistics.sphinx.input_writer.Group'>\",\n          'HDF_VERSION': '0.2.0',\n          'movable__index_2': 1,\n          'NAME': 'Group',\n          'OBJECT': 'Group'},\n         '__index_3': {'label__index_0': '\"spin_0.0\"',\n          'READ_ONLY': 0,\n          'VERSION': '0.1.0',\n          'coords__index_1': array([3.8266954, 3.8266954, 0.       ]),\n          'TYPE': \"<class 'pyiron_atomistics.sphinx.input_writer.Group'>\",\n          'HDF_VERSION': '0.2.0',\n          'movable__index_2': 1,\n          'NAME': 'Group',\n          'OBJECT': 'Group'}}}}}}},\n   'structure': {'units': {'length': 'A', 'mass': 'u'},\n    'species': ['Al'],\n    'dimension': 3,\n    'TYPE': \"<class 'pyiron_atomistics.atomistics.structure.atoms.Atoms'>\",\n    'info': {},\n    'positions': array([[0.   , 0.   , 0.   ],\n           [0.   , 2.025, 2.025],\n           [2.025, 0.   , 2.025],\n           [2.025, 2.025, 0.   ]]),\n    'indices': array([0, 0, 0, 0]),\n    'cell': {'cell': array([[4.05, 0.  , 0.  ],\n            [0.  , 4.05, 0.  ],\n            [0.  , 0.  , 4.05]]),\n     'pbc': array([ True,  True,  True])}}},\n  'output': {'charge_density': {'TYPE': \"<class 'pyiron_atomistics.sphinx.volumetric_data.SphinxVolumetricData'>\",\n    'total': array([[[0.00150861, 0.00147094, 0.00135604, ..., 0.00117422,\n             0.00135604, 0.00147094],\n            [0.00147094, 0.00143289, 0.00131906, ..., 0.00114217,\n             0.00131906, 0.00143289],\n            [0.00135604, 0.00131906, 0.00121272, ..., 0.00105142,\n             0.00121272, 0.00131906],\n            ...,\n            [0.00117422, 0.00114217, 0.00105142, ..., 0.00091228,\n             0.00105142, 0.00114217],\n            [0.00135604, 0.00131906, 0.00121272, ..., 0.00105142,\n             0.00121272, 0.00131906],\n            [0.00147094, 0.00143289, 0.00131906, ..., 0.00114217,\n             0.00131906, 0.00143289]],\n    \n           [[0.00147094, 0.00143289, 0.00131906, ..., 0.00114217,\n             0.00131906, 0.00143289],\n            [0.00143289, 0.00139502, 0.00128321, ..., 0.00111136,\n             0.00128321, 0.00139502],\n            [0.00131906, 0.00128321, 0.00118001, ..., 0.00102318,\n             0.00118001, 0.00128321],\n            ...,\n            [0.00114217, 0.00111136, 0.00102318, ..., 0.0008874 ,\n             0.00102318, 0.00111136],\n            [0.00131906, 0.00128321, 0.00118001, ..., 0.00102318,\n             0.00118001, 0.00128321],\n            [0.00143289, 0.00139502, 0.00128321, ..., 0.00111136,\n             0.00128321, 0.00139502]],\n    \n           [[0.00135604, 0.00131906, 0.00121272, ..., 0.00105142,\n             0.00121272, 0.00131906],\n            [0.00131906, 0.00128321, 0.00118001, ..., 0.00102318,\n             0.00118001, 0.00128321],\n            [0.00121272, 0.00118001, 0.0010853 , ..., 0.00094061,\n             0.0010853 , 0.00118001],\n            ...,\n            [0.00105142, 0.00102318, 0.00094061, ..., 0.00081458,\n             0.00094061, 0.00102318],\n            [0.00121272, 0.00118001, 0.0010853 , ..., 0.00094061,\n             0.0010853 , 0.00118001],\n            [0.00131906, 0.00128321, 0.00118001, ..., 0.00102318,\n             0.00118001, 0.00128321]],\n    \n           ...,\n    \n           [[0.00117422, 0.00114217, 0.00105142, ..., 0.00091228,\n             0.00105142, 0.00114217],\n            [0.00114217, 0.00111136, 0.00102318, ..., 0.0008874 ,\n             0.00102318, 0.00111136],\n            [0.00105142, 0.00102318, 0.00094061, ..., 0.00081458,\n             0.00094061, 0.00102318],\n            ...,\n            [0.00091228, 0.0008874 , 0.00081458, ..., 0.00070832,\n             0.00081458, 0.0008874 ],\n            [0.00105142, 0.00102318, 0.00094061, ..., 0.00081458,\n             0.00094061, 0.00102318],\n            [0.00114217, 0.00111136, 0.00102318, ..., 0.0008874 ,\n             0.00102318, 0.00111136]],\n    \n           [[0.00135604, 0.00131906, 0.00121272, ..., 0.00105142,\n             0.00121272, 0.00131906],\n            [0.00131906, 0.00128321, 0.00118001, ..., 0.00102318,\n             0.00118001, 0.00128321],\n            [0.00121272, 0.00118001, 0.0010853 , ..., 0.00094061,\n             0.0010853 , 0.00118001],\n            ...,\n            [0.00105142, 0.00102318, 0.00094061, ..., 0.00081458,\n             0.00094061, 0.00102318],\n            [0.00121272, 0.00118001, 0.0010853 , ..., 0.00094061,\n             0.0010853 , 0.00118001],\n            [0.00131906, 0.00128321, 0.00118001, ..., 0.00102318,\n             0.00118001, 0.00128321]],\n    \n           [[0.00147094, 0.00143289, 0.00131906, ..., 0.00114217,\n             0.00131906, 0.00143289],\n            [0.00143289, 0.00139502, 0.00128321, ..., 0.00111136,\n             0.00128321, 0.00139502],\n            [0.00131906, 0.00128321, 0.00118001, ..., 0.00102318,\n             0.00118001, 0.00128321],\n            ...,\n            [0.00114217, 0.00111136, 0.00102318, ..., 0.0008874 ,\n             0.00102318, 0.00111136],\n            [0.00131906, 0.00128321, 0.00118001, ..., 0.00102318,\n             0.00118001, 0.00128321],\n            [0.00143289, 0.00139502, 0.00128321, ..., 0.00111136,\n             0.00128321, 0.00139502]]])},\n   'electronic_structure': {'eig_matrix': array([[[-5.14  ,  1.4239,  1.4239,  1.4239,  5.9395,  5.9395,  5.9395,\n              7.7795,  7.7795,  7.7795, 11.4635, 11.4635, 11.4635],\n            [-4.0192, -1.8032,  2.4931,  2.4931,  4.6314,  4.6314,  7.0213,\n              7.0213,  8.8036,  9.1648,  9.1648, 10.8941, 11.1662],\n            [-2.9064, -0.7059, -0.7059,  1.4616,  3.5798,  5.6987,  5.6987,\n              7.8086,  8.0932, 10.1435, 10.1435, 12.2069, 13.4422],\n            [-1.8011,  0.3824,  0.3824,  0.3824,  2.5575,  2.5575,  2.5575,\n              4.6931, 13.1794, 13.1794, 13.1794, 14.4334, 14.4334]]]),\n    'k_points': array([[0.1592067, 0.1592067, 0.1592067],\n           [0.1592067, 0.1592067, 0.4776201],\n           [0.1592067, 0.4776201, 0.4776201],\n           [0.4776201, 0.4776201, 0.4776201]]),\n    'TYPE': \"<class 'pyiron_atomistics.dft.waves.electronic.ElectronicStructure'>\",\n    'efermi': 5.702855,\n    'occ_matrix': array([[[ 2.    ,  2.    ,  2.    ,  2.    , -0.0704, -0.0704, -0.0704,\n              0.    ,  0.    ,  0.    ,  0.    ,  0.    ,  0.    ],\n            [ 2.    ,  2.    ,  2.    ,  2.    ,  2.    ,  2.    , -0.    ,\n             -0.    ,  0.    ,  0.    ,  0.    ,  0.    ,  0.    ],\n            [ 2.    ,  2.    ,  2.    ,  2.    ,  2.    ,  1.0352,  1.0352,\n              0.    ,  0.    ,  0.    ,  0.    ,  0.    ,  0.    ],\n            [ 2.    ,  2.    ,  2.    ,  2.    ,  2.    ,  2.    ,  2.    ,\n              2.    ,  0.    ,  0.    ,  0.    ,  0.    ,  0.    ]]]),\n    'k_weights': array([0.125, 0.375, 0.375, 0.125]),\n    'dos': {'int_densities': 'int_densities is not stored in SPHInX; use job.get_density_of_states instead',\n     'tot_densities': 'tot_densities is not stored in SPHInX; use job.get_density_of_states instead',\n     'energies': 'energies is not stored in SPHInX; use job.get_density_of_states instead'}},\n   'electrostatic_potential': {'TYPE': \"<class 'pyiron_atomistics.sphinx.volumetric_data.SphinxVolumetricData'>\",\n    'total': array([[[-130.0129419 , -129.70839772, -118.52928072, ...,\n              -82.05071029, -118.52928072, -129.70839772],\n            [-129.70839772, -127.55481586, -112.28869827, ...,\n              -74.34465334, -112.28869827, -127.55481586],\n            [-118.52928072, -112.28869827,  -89.88977639, ...,\n              -53.27368971,  -89.88977639, -112.28869827],\n            ...,\n            [ -82.05071029,  -74.34465334,  -53.27368971, ...,\n              -28.44967772,  -53.27368971,  -74.34465334],\n            [-118.52928072, -112.28869827,  -89.88977639, ...,\n              -53.27368971,  -89.88977639, -112.28869827],\n            [-129.70839772, -127.55481586, -112.28869827, ...,\n              -74.34465334, -112.28869827, -127.55481586]],\n    \n           [[-129.70839772, -127.55481586, -112.28869827, ...,\n              -74.34465334, -112.28869827, -127.55481586],\n            [-127.55481586, -123.76048619, -105.25937012, ...,\n              -66.90580194, -105.25937012, -123.76048619],\n            [-112.28869827, -105.25937012,  -82.03937596, ...,\n              -47.19192633,  -82.03937596, -105.25937012],\n            ...,\n            [ -74.34465334,  -66.90580194,  -47.19192633, ...,\n              -25.01355294,  -47.19192633,  -66.90580194],\n            [-112.28869827, -105.25937012,  -82.03937596, ...,\n              -47.19192633,  -82.03937596, -105.25937012],\n            [-127.55481586, -123.76048619, -105.25937012, ...,\n              -66.90580194, -105.25937012, -123.76048619]],\n    \n           [[-118.52928072, -112.28869827,  -89.88977639, ...,\n              -53.27368971,  -89.88977639, -112.28869827],\n            [-112.28869827, -105.25937012,  -82.03937596, ...,\n              -47.19192633,  -82.03937596, -105.25937012],\n            [ -89.88977639,  -82.03937596,  -59.83843707, ...,\n              -32.29973245,  -59.83843707,  -82.03937596],\n            ...,\n            [ -53.27368971,  -47.19192633,  -32.29973245, ...,\n              -17.43918037,  -32.29973245,  -47.19192633],\n            [ -89.88977639,  -82.03937596,  -59.83843707, ...,\n              -32.29973245,  -59.83843707,  -82.03937596],\n            [-112.28869827, -105.25937012,  -82.03937596, ...,\n              -47.19192633,  -82.03937596, -105.25937012]],\n    \n           ...,\n    \n           [[ -82.05071029,  -74.34465334,  -53.27368971, ...,\n              -28.44967772,  -53.27368971,  -74.34465334],\n            [ -74.34465334,  -66.90580194,  -47.19192633, ...,\n              -25.01355294,  -47.19192633,  -66.90580194],\n            [ -53.27368971,  -47.19192633,  -32.29973245, ...,\n              -17.43918037,  -32.29973245,  -47.19192633],\n            ...,\n            [ -28.44967772,  -25.01355294,  -17.43918037, ...,\n              -10.9255642 ,  -17.43918037,  -25.01355294],\n            [ -53.27368971,  -47.19192633,  -32.29973245, ...,\n              -17.43918037,  -32.29973245,  -47.19192633],\n            [ -74.34465334,  -66.90580194,  -47.19192633, ...,\n              -25.01355294,  -47.19192633,  -66.90580194]],\n    \n           [[-118.52928072, -112.28869827,  -89.88977639, ...,\n              -53.27368971,  -89.88977639, -112.28869827],\n            [-112.28869827, -105.25937012,  -82.03937596, ...,\n              -47.19192633,  -82.03937596, -105.25937012],\n            [ -89.88977639,  -82.03937596,  -59.83843707, ...,\n              -32.29973245,  -59.83843707,  -82.03937596],\n            ...,\n            [ -53.27368971,  -47.19192633,  -32.29973245, ...,\n              -17.43918037,  -32.29973245,  -47.19192633],\n            [ -89.88977639,  -82.03937596,  -59.83843707, ...,\n              -32.29973245,  -59.83843707,  -82.03937596],\n            [-112.28869827, -105.25937012,  -82.03937596, ...,\n              -47.19192633,  -82.03937596, -105.25937012]],\n    \n           [[-129.70839772, -127.55481586, -112.28869827, ...,\n              -74.34465334, -112.28869827, -127.55481586],\n            [-127.55481586, -123.76048619, -105.25937012, ...,\n              -66.90580194, -105.25937012, -123.76048619],\n            [-112.28869827, -105.25937012,  -82.03937596, ...,\n              -47.19192633,  -82.03937596, -105.25937012],\n            ...,\n            [ -74.34465334,  -66.90580194,  -47.19192633, ...,\n              -25.01355294,  -47.19192633,  -66.90580194],\n            [-112.28869827, -105.25937012,  -82.03937596, ...,\n              -47.19192633,  -82.03937596, -105.25937012],\n            [-127.55481586, -123.76048619, -105.25937012, ...,\n              -66.90580194, -105.25937012, -123.76048619]]])},\n   'generic': {'READ_ONLY': 0,\n    'VERSION': '0.1.0',\n    'cell__index_4': array([[[4.05, 0.  , 0.  ],\n            [0.  , 4.05, 0.  ],\n            [0.  , 0.  , 4.05]],\n    \n           [[4.05, 0.  , 0.  ],\n            [0.  , 4.05, 0.  ],\n            [0.  , 0.  , 4.05]]]),\n    'TYPE': \"<class 'pyiron_base.storage.datacontainer.DataContainer'>\",\n    'volume__index_2': array([66.43016886, 66.43016886]),\n    'positions__index_1': array([[[ 0.   ,  0.   ,  0.   ],\n            [ 0.   ,  2.025,  2.025],\n            [ 2.025,  0.   ,  2.025],\n            [ 2.025,  2.025,  0.   ]],\n    \n           [[ 0.   , -0.   ,  0.   ],\n            [-0.   ,  2.025,  2.025],\n            [ 2.025,  0.   ,  2.025],\n            [ 2.025,  2.025,  0.   ]]]),\n    'HDF_VERSION': '0.2.0',\n    'energy_tot__index_5': array([-228.78316018, -228.78315944]),\n    'energy_pot__index_6': array([-228.78316018, -228.78315944]),\n    'cells__index_7': array([[[4.05, 0.  , 0.  ],\n            [0.  , 4.05, 0.  ],\n            [0.  , 0.  , 4.05]],\n    \n           [[4.05, 0.  , 0.  ],\n            [0.  , 4.05, 0.  ],\n            [0.  , 0.  , 4.05]]]),\n    'forces__index_3': array([[[ 0., -0.,  0.],\n            [-0.,  0., -0.],\n            [-0., -0., -0.],\n            [ 0.,  0.,  0.]],\n    \n           [[ 0.,  0.,  0.],\n            [ 0., -0.,  0.],\n            [-0.,  0.,  0.],\n            [-0., -0.,  0.]]]),\n    'NAME': 'DataContainer',\n    'OBJECT': 'DataContainer',\n    'dft__index_0': {'computation_time__index_16': array([6.788753, 9.327714]),\n     'energy_band__index_18': array([13.84051221, 13.84101605]),\n     'energy_zero__index_17': array([-228.77494323, -228.77494246]),\n     'bands_occ__index_5': array([[[ 2.    ,  2.    ,  2.    ,  2.    , -0.0703, -0.0704, -0.0704,\n               0.    ,  0.    ,  0.    ,  0.    ,  0.    ,  0.    ],\n             [ 2.    ,  2.    ,  2.    ,  2.    ,  2.    ,  2.    , -0.    ,\n              -0.    ,  0.    ,  0.    ,  0.    ,  0.    ,  0.    ],\n             [ 2.    ,  2.    ,  2.    ,  2.    ,  2.    ,  1.0356,  1.0347,\n               0.    ,  0.    ,  0.    ,  0.    ,  0.    ,  0.    ],\n             [ 2.    ,  2.    ,  2.    ,  2.    ,  2.    ,  2.    ,  2.    ,\n               2.    ,  0.    ,  0.    ,  0.    ,  0.    ,  0.    ]],\n     \n            [[ 2.    ,  2.    ,  2.    ,  2.    , -0.0704, -0.0704, -0.0704,\n               0.    ,  0.    ,  0.    ,  0.    ,  0.    ,  0.    ],\n             [ 2.    ,  2.    ,  2.    ,  2.    ,  2.    ,  2.    , -0.    ,\n              -0.    ,  0.    ,  0.    ,  0.    ,  0.    ,  0.    ],\n             [ 2.    ,  2.    ,  2.    ,  2.    ,  2.    ,  1.0352,  1.0352,\n               0.    ,  0.    ,  0.    ,  0.    ,  0.    ,  0.    ],\n             [ 2.    ,  2.    ,  2.    ,  2.    ,  2.    ,  2.    ,  2.    ,\n               2.    ,  0.    ,  0.    ,  0.    ,  0.    ,  0.    ]]]),\n     'scf_convergence__index_7': [True, True],\n     'residue__index_20': array([6.62098e-06, 1.86194e-07]),\n     'NAME': 'DataContainer',\n     'bands_e_fermi__index_4': array([5.864736, 5.702807, 5.702836, 5.702855]),\n     'energy_int__index_15': array([-228.75029236, -228.75029152]),\n     'electronic_entropy__index_19': array([4.47189425, 4.4719075 ]),\n     'n_valence__index_1': {'Al': 3},\n     'energy_free__index_0': array([-228.78316018, -228.78315944]),\n     'READ_ONLY': 0,\n     'bands_k_weights__index_2': array([0.125, 0.375, 0.375, 0.125]),\n     'OBJECT': 'DataContainer',\n     'VERSION': '0.1.0',\n     'TYPE': \"<class 'pyiron_base.storage.datacontainer.DataContainer'>\",\n     'HDF_VERSION': '0.2.0',\n     'kpoints_cartesian__index_3': array([[0.1592067, 0.1592067, 0.1592067],\n            [0.1592067, 0.1592067, 0.4776201],\n            [0.1592067, 0.4776201, 0.4776201],\n            [0.4776201, 0.4776201, 0.4776201]]),\n     'bands_eigen_values__index_6': array([[[-5.14  ,  1.4238,  1.4239,  1.4239,  5.9394,  5.9395,  5.9395,\n               7.7794,  7.7795,  7.7795, 11.4633, 11.4633, 11.4635],\n             [-4.0193, -1.8032,  2.4931,  2.4931,  4.6313,  4.6314,  7.0212,\n               7.0213,  8.8035,  9.1646,  9.1649, 10.894 , 11.1662],\n             [-2.9064, -0.7059, -0.7059,  1.4615,  3.5798,  5.6986,  5.6987,\n               7.8085,  8.0932, 10.1434, 10.1435, 12.2068, 13.4422],\n             [-1.8011,  0.3824,  0.3824,  0.3824,  2.5573,  2.5575,  2.5575,\n               4.693 , 13.1792, 13.1793, 13.1793, 14.4332, 14.4334]],\n     \n            [[-5.14  ,  1.4239,  1.4239,  1.4239,  5.9395,  5.9395,  5.9395,\n               7.7795,  7.7795,  7.7795, 11.4635, 11.4635, 11.4635],\n             [-4.0192, -1.8032,  2.4931,  2.4931,  4.6314,  4.6314,  7.0213,\n               7.0213,  8.8036,  9.1648,  9.1648, 10.8941, 11.1662],\n             [-2.9064, -0.7059, -0.7059,  1.4616,  3.5798,  5.6987,  5.6987,\n               7.8086,  8.0932, 10.1435, 10.1435, 12.2069, 13.4422],\n             [-1.8011,  0.3824,  0.3824,  0.3824,  2.5575,  2.5575,  2.5575,\n               4.6931, 13.1794, 13.1794, 13.1794, 14.4334, 14.4334]]]),\n     'scf_computation_time__index_10': {'data': array([1.304535, 2.581376, 4.06145 , 5.479241, 6.788753, 8.057479,\n             9.327714]),\n      'index': array([5, 7])},\n     'scf_electronic_entropy__index_13': {'data': array([5.01306946, 4.46826186, 4.47087874, 4.47175913, 4.47189425,\n             4.47190311, 4.4719075 ]),\n      'index': array([5, 7])},\n     'scf_energy_band__index_12': {'data': array([15.05566482, 13.62260753, 13.80978426, 13.83579452, 13.84051221,\n             13.84081386, 13.84101605]),\n      'index': array([5, 7])},\n     'scf_energy_free__index_9': {'data': array([-227.79757673, -228.79771858, -228.78341073, -228.78317077,\n             -228.78316018, -228.78315943, -228.78315944]),\n      'index': array([5, 7])},\n     'scf_energy_int__index_8': {'data': array([-227.76073135, -228.76487746, -228.75055037, -228.75030395,\n             -228.75029236, -228.75029155, -228.75029152]),\n      'index': array([5, 7])},\n     'scf_energy_zero__index_11': {'data': array([-227.78836538, -228.7895083 , -228.77519564, -228.77495407,\n             -228.77494323, -228.77494246, -228.77494246]),\n      'index': array([5, 7])},\n     'scf_residue__index_14': {'data': array([5.57072e-03, 1.65550e-03, 2.37401e-04, 4.03935e-05, 6.62098e-06,\n             1.48271e-06, 1.86194e-07]),\n      'index': array([5, 7])}}}}}}"},"metadata":{}}],"execution_count":15},{"id":"59dacba5","cell_type":"code","source":"file_name = job.project_hdf5.file_name\nfile_name","metadata":{"trusted":true},"outputs":[{"execution_count":16,"output_type":"execute_result","data":{"text/plain":"'/home/jovyan/test/sx.h5'"},"metadata":{}}],"execution_count":16},{"id":"eb780614","cell_type":"code","source":"def print_attrs(name, obj):\n    print(name)\n    for key, val in obj.attrs.items():\n        print(\"    %s: %s\" % (key, val))","metadata":{"trusted":true},"outputs":[],"execution_count":17},{"id":"989f77eb","cell_type":"code","source":"with h5py.File(file_name, 'r') as f:\n    f.visititems(print_attrs)","metadata":{"trusted":true},"outputs":[{"name":"stdout","text":"sx\nsx/DICT_VERSION\n    TITLE: unicode\nsx/HDF_VERSION\n    TITLE: unicode\nsx/NAME\n    TITLE: unicode\nsx/OBJECT\n    TITLE: unicode\nsx/TYPE\n    TITLE: unicode\nsx/VERSION\n    TITLE: unicode\nsx/executable\n    TITLE: json\nsx/input\nsx/input/generic\nsx/input/generic/DICT_VERSION\n    TITLE: unicode\nsx/input/generic/NAME\n    TITLE: unicode\nsx/input/generic/OBJECT\n    TITLE: unicode\nsx/input/generic/TYPE\n    TITLE: unicode\nsx/input/generic/VERSION\n    TITLE: unicode\nsx/input/generic/data_dict\n    TITLE: json\nsx/input/generic_dict\n    TITLE: json\nsx/input/interactive\n    TITLE: json\nsx/input/paramete