{"metadata":{"kernelspec":{"display_name":"Python 3 (ipykernel)","language":"python","name":"python3"},"language_info":{"codemirror_mode":{"name":"ipython","version":3},"file_extension":".py","mimetype":"text/x-python","name":"python","nbconvert_exporter":"python","pygments_lexer":"ipython3","version":"3.10.14"}},"nbformat_minor":5,"nbformat":4,"cells":[{"id":"8c0bad64-faf8-4a5d-ae50-b9044d7ef20c","cell_type":"markdown","source":"# Functions and Imports - no pyiron dependence","metadata":{}},{"id":"28a9f0ec","cell_type":"code","source":"from h5io_browser.base import read_nested_dict_from_hdf, list_hdf, write_dict_to_hdf\nimport os","metadata":{"trusted":true},"outputs":[],"execution_count":1},{"id":"ed1dac96-ff42-44ef-875c-1d6930b9ffcb","cell_type":"code","source":"from dataclasses import dataclass\nimport numpy as np\nfrom pint import UnitRegistry\nfrom typing import Optional, List","metadata":{"trusted":true},"outputs":[],"execution_count":2},{"id":"2df3aefc-1778-42f0-9a79-255b75818c70","cell_type":"code","source":"@dataclass\nclass OutputGenericDFT:\n    energy_free: np.ndarray\n    n_valence: dict\n    bands_k_weights: np.ndarray\n    kpoints_cartesian: np.ndarray\n    bands_e_fermi: np.ndarray\n    bands_occ: np.ndarray\n    bands_eigen_values: np.ndarray\n    scf_convergence: List[bool]\n    scf_energy_int: np.ndarray\n    scf_energy_free: np.ndarray\n    scf_computation_time: np.ndarray\n    scf_energy_zero: np.ndarray\n    scf_energy_band: np.ndarray\n    scf_electronic_entropy: np.ndarray\n    scf_residue: np.ndarray\n    energy_int: np.ndarray\n    computation_time: np.ndarray\n    energy_zero: np.ndarray\n    energy_band: np.ndarray\n    electronic_entropy: np.ndarray\n    residue: np.ndarray\n\n@dataclass\nclass GenericOutput:\n    cells: np.ndarray  # N_steps * 3 *3  [Angstrom]\n    energy_pot: np.ndarray  # N_steps  [eV]\n    energy_tot: np.ndarray  # N_steps  [eV]\n    forces: np.ndarray  # N_steps * N_atoms * 3  [eV/Angstrom]\n    indices: Optional[np.ndarray]  # N_steps * N_atoms\n    natoms: Optional[np.ndarray]  # N_steps\n    positions: np.ndarray  # N_steps * N_atoms * 3  [Angstrom]\n    pressures: Optional[np.ndarray]  # N_steps * 3 * 3\n    steps: Optional[np.ndarray]  # N_steps\n    temperature: Optional[np.ndarray]  # N_steps\n    unwrapped_positions: Optional[np.ndarray]  # N_steps * N_atoms * 3  [Angstrom]\n    velocities: Optional[np.ndarray]  # N_steps * N_atoms * 3  [Angstrom/fs]\n    volume: np.ndarray  # N_steps\n    dft: Optional[OutputGenericDFT]\n\n@dataclass\nclass Server:\n    user: str\n    host: str\n    run_mode: str\n    queue: Optional[str]\n    qid: Optional[int]\n    cores: int\n    threads: int\n    new_h5: bool\n    structure_id: Optional[int]\n    run_time: int  # [seconds]\n    memory_limit: Optional[str]\n    accept_crash: bool\n\n@dataclass\nclass Executable:\n    version: str\n    name: str\n    operation_system_nt: bool\n    executable: Optional[str]\n    mpi: bool\n    accepted_return_codes: List[int]\n\n@dataclass\nclass GenericDict:\n    restart_file_list: list\n    restart_file_dict: dict\n    exclude_nodes_hdf: list\n    exclude_groups_hdf: list\n\n@dataclass\nclass Interactive:\n    interactive_flush_frequency: int\n    interactive_write_frequency: int\n\n@dataclass\nclass GenericInput:\n    calc_mode: str\n    structure: str\n    fix_symmetry: Optional[bool]\n    k_mesh_spacing: Optional[float]\n    k_mesh_center_shift: Optional[np.ndarray]\n    reduce_kpoint_symmetry: Optional[bool]\n    restart_for_band_structure: Optional[bool]\n    path_name: Optional[str]\n    n_path: Optional[str]\n    fix_spin_constraint: Optional[bool]\n    max_iter: Optional[int]\n    temperature: Optional[float]\n    n_ionic_steps: Optional[int]\n    n_print: Optional[int]\n    temperature_damping_timescale: Optional[float]\n    pressure_damping_timescale: Optional[float]\n    time_step: Optional[int]\n\n@dataclass\nclass LammpsPotential:\n    citation: Optional[str]\n    config: List[str]\n    filename: List[str]\n    model: str\n    name: str\n    species: List[str]\n\n@dataclass\nclass Units:\n    length: str\n    mass: str\n\n@dataclass\nclass Cell:\n    cell: np.ndarray  # 3 * 3   [Angstrom]\n    pbc: np.ndarray  # 3\n\n@dataclass\nclass Structure:\n    dimension: int\n    indices: np.array\n    info: dict\n    positions: np.ndarray  # N_atoms * 3  [Angstrom]\n    species: List[str]\n    cell: Cell\n    units: Units\n\n@dataclass\nclass LammpsInputFiles:\n    control_inp: str\n    potential_inp: str\n\n@dataclass\nclass LammpsInput:\n    generic_dict: GenericDict\n    interactive: Interactive\n    generic: GenericInput\n    structure: Structure\n    potential: LammpsPotential\n    input_files: LammpsInputFiles\n\n@dataclass \nclass LammpsOutput:\n    generic: GenericOutput\n\n@dataclass\nclass LammpsJob:\n    calculation_input: LammpsInput\n    executable: Executable\n    server: Server\n    calculation_output: LammpsOutput\n\n@dataclass\nclass Species:\n    name: str\n    pot_type: str\n    element: str\n    potential: str\n\n@dataclass\nclass PawPot:\n    species: List[Species]\n\n@dataclass\nclass SphinxAtom:\n    label: str\n    coords: np.ndarray  # 3  [Angstrom]\n    movable: bool\n\n@dataclass\nclass SphinxElement:\n    element: str\n    atom: List[SphinxAtom]\n\n@dataclass\nclass SphinxStructure:\n    cell: np.ndarray  # 3 * 3  [Angstrom]\n    species: List[SphinxElement]\n\n@dataclass\nclass SphinxKpoint:\n    coords: np.ndarray  # 3 \n    weight: float\n    relative: bool\n\n@dataclass\nclass SphinxBasis:\n    e_cut: float  # [Hartree]\n    k_point: SphinxKpoint\n    folding: np.ndarray  # 3\n    save_memory: bool\n\n@dataclass\nclass SphinxPreConditioner:\n    type: str\n    scaling: float\n    spin_scaling: float\n\n@dataclass\nclass ScfDiag:\n    rho_mixing: float\n    spin_mixing: float\n    delta_energy: float\n    max_steps: int\n    preconditioner: SphinxPreConditioner\n    block_ccg: dict\n\n@dataclass\nclass SphinxPawHamiltonian:\n    number_empty_states: int\n    ekt: float\n    methfessel_paxton: bool\n    xc: str\n    spin_polarized: bool\n\n@dataclass\nclass SphinxWaves:\n    paw_basis: bool\n    lcao: dict\n\n@dataclass\nclass SphinxRho:\n    atomic_orbitals: int\n\n@dataclass\nclass SphinxInitialGuess:\n    waves: SphinxWaves\n    rho: SphinxRho\n    no_waves_storage: bool\n\n@dataclass\nclass BornOppenheimer:\n    scf_diag: ScfDiag\n\n@dataclass\nclass SphinxRicQN:\n    max_steps: int\n    max_step_length: float\n    born_oppenheimer: BornOppenheimer\n\n@dataclass\nclass SphinxMain:\n    ric_qn: SphinxRicQN\n\n@dataclass\nclass SphinxInternalInput:\n    paw_pot: PawPot\n    structure: SphinxStructure\n    basis: SphinxBasis\n    paw_hamilton: SphinxPawHamiltonian\n    initial_guess: SphinxInitialGuess\n    main: SphinxMain\n\n@dataclass\nclass SphinxInputParameters:\n    sphinx: SphinxInternalInput\n    encut: float\n    kpointcoords: List[float]  # 3\n    kpointfolding: List[int]  # 3\n    empty_states: int\n    methfessel_paxton: bool\n    sigma: float \n    xcorr: str\n    vasppot: bool\n    e_step: int\n    ediff: float\n    write_waves: bool\n    kj_xc: bool\n    save_memory: bool\n    rho_mixing: float\n    spin_mixing: float\n    rho_residual_scaling: float\n    spin_residual_scaling: float\n    check_overlap: bool\n    threads: bool\n    use_on_the_fly_cg_optimization: bool\n    ionic_step: int\n\n@dataclass\nclass SphinxOutputChargeDensity:\n    total: np.ndarray\n\n@dataclass\nclass SphinxDensityOfStates:\n    energies: str\n    int_densities: str\n    tot_densities: str\n\n@dataclass\nclass SphinxElectronicStructure:\n    efermi: float\n    eig_matrix: np.ndarray\n    k_points: np.ndarray\n    k_weights: np.ndarray\n    occ_matrix: np.ndarray\n    dos: SphinxDensityOfStates\n\n@dataclass\nclass SphinxElectrostaticPotential:\n    total: np.ndarray\n\n@dataclass\nclass SphinxOutput:\n    charge_density: SphinxOutputChargeDensity\n    electronic_structure: SphinxElectronicStructure\n    electrostatic_potential: SphinxElectrostaticPotential\n    generic: GenericOutput\n\n@dataclass\nclass SphinxInput:\n    generic_dict: GenericDict\n    interactive: Interactive\n    generic: GenericInput\n    parameters: SphinxInputParameters\n    structure: Structure\n\n@dataclass\nclass SphinxJob:\n    executable: Executable\n    server: Server\n    calculation_input: SphinxInput\n    calculation_output: SphinxOutput\n    job_id: int\n    status: str","metadata":{"trusted":true},"outputs":[],"execution_count":3},{"id":"476148af-a9f3-4d90-84f6-c64e661d109d","cell_type":"code","source":"def get_node_from_job_dict(job_dict, node):\n    node_name_lst = node.split(\"/\")\n    tmp_dict = job_dict\n    for group in node_name_lst:\n        tmp_dict = tmp_dict[group]\n    return tmp_dict","metadata":{"trusted":true},"outputs":[],"execution_count":4},{"id":"86dd7f76-5aad-4653-a865-e9a739a28379","cell_type":"code","source":"def convert_generic_parameters_to_string(generic_parameter_dict):\n    output_str = \"\"\n    for p, v in zip(generic_parameter_dict[\"data_dict\"][\"Parameter\"], generic_parameter_dict[\"data_dict\"][\"Value\"]):\n        output_str += p.replace(\"___\", \" \") + \" \" + v + \"\\n\"\n    return output_str[:-1]","metadata":{"trusted":true},"outputs":[],"execution_count":5},{"id":"3330d827-8617-4992-ba2a-af2cf499d969","cell_type":"code","source":"def convert_generic_parameters_to_dictionary(generic_parameter_dict):\n    return {p: v for p, v in zip(generic_parameter_dict[\"data_dict\"][\"Parameter\"], generic_parameter_dict[\"data_dict\"][\"Value\"])}","metadata":{"trusted":true},"outputs":[],"execution_count":6},{"id":"720771a6-7bde-42e5-a7e5-31e992f86266","cell_type":"code","source":"def filter_dict(input_dict, remove_keys_lst):\n    def recursive_filter(input_value, remove_keys_lst):\n        if isinstance(input_value, dict):\n            return filter_dict(input_dict=input_value, remove_keys_lst=remove_keys_lst)\n        else:\n            return input_value \n    \n    return {k: recursive_filter(input_value=v, remove_keys_lst=remove_keys_lst) for k, v in input_dict.items() if k not in remove_keys_lst}","metadata":{"trusted":true},"outputs":[],"execution_count":7},{"id":"0ecb48f2-99c9-4c9c-ba1d-68634cf73ce7","cell_type":"code","source":"def sort_dictionary_from_datacontainer(input_dict):\n    def recursive_sort(input_value):\n        if isinstance(input_value, dict):\n            return sort_dictionary_from_datacontainer(input_dict=input_value)\n        else:\n            return input_value \n    \n    ind_dict, content_dict = {}, {}\n    content_lst_flag = False\n    for k, v in input_dict.items():\n        if \"__index_\" in k:\n            key, ind = k.split(\"__index_\")\n            if key ==  \"\":\n                content_lst_flag = True\n                ind_dict[int(ind)] = recursive_sort(input_value=v)               \n            else:\n                ind_dict[int(ind)] = key\n                content_dict[key] = recursive_sort(input_value=v)\n        else:\n            content_dict[k] = recursive_sort(input_value=v)\n    if content_lst_flag:\n        return [ind_dict[ind] for ind in sorted(list(ind_dict.keys()))]\n    elif len(ind_dict) == len(content_dict):\n        return {ind_dict[ind]: content_dict[ind_dict[ind]] for ind in sorted(list(ind_dict.keys()))}\n    elif len(ind_dict) == 0: \n        return content_dict\n    else:\n        raise KeyError()","metadata":{"trusted":true},"outputs":[],"execution_count":8},{"id":"2b769447-7bd8-4a11-9b01-9f0dacc77e79","cell_type":"code","source":"def convert_datacontainer_to_dictionary(data_container_dict):\n    return sort_dictionary_from_datacontainer(input_dict=filter_dict(\n        input_dict=data_container_dict, \n        remove_keys_lst=[\"NAME\", \"TYPE\", \"OBJECT\", \"HDF_VERSION\", \"READ_ONLY\", \"VERSION\"],\n    ))","metadata":{"trusted":true},"outputs":[],"execution_count":9},{"id":"c14198a4-2324-4bb6-bff8-fcc5818dcdfc","cell_type":"markdown","source":"# Create SPHInX job","metadata":{}},{"id":"ffd464bb","cell_type":"code","source":"from pyiron_atomistics import Project","metadata":{"trusted":true},"outputs":[],"execution_count":10},{"id":"0d95fc61","cell_type":"code","source":"pr = Project(\"test\")","metadata":{"trusted":true},"outputs":[],"execution_count":11},{"id":"64427095","cell_type":"code","source":"pr.remove_jobs(recursive=True, silently=True)","metadata":{"trusted":true},"outputs":[{"output_type":"display_data","data":{"text/plain":"0it [00:00, ?it/s]","application/vnd.jupyter.widget-view+json":{"version_major":2,"version_minor":0,"model_id":"416b8285ae3c4ceea162d1ee285a88ca"}},"metadata":{}}],"execution_count":12},{"id":"09b53d07","cell_type":"code","source":"structure = pr.create.structure.ase.bulk(\"Al\", cubic=True)","metadata":{"trusted":true},"outputs":[],"execution_count":13},{"id":"264e6228","cell_type":"code","source":"job = pr.create.job.Sphinx(\"sx\")","metadata":{"trusted":true},"outputs":[],"execution_count":14},{"id":"f29a4da4","cell_type":"code","source":"job.structure =structure","metadata":{"trusted":true},"outputs":[],"execution_count":15},{"id":"b5e9c630","cell_type":"code","source":"job.calc_minimize()","metadata":{"trusted":true},"outputs":[],"execution_count":16},{"id":"97a17236","cell_type":"code","source":"job.run()","metadata":{"trusted":true},"outputs":[{"name":"stdout","text":"The job sx was saved and received the ID: 1\n","output_type":"stream"}],"execution_count":17},{"id":"f2ee05b2-b077-4d3a-a90c-84c82b1f33ff","cell_type":"markdown","source":"# Read job dictionary","metadata":{}},{"id":"466a6a56-9433-49af-b1f2-30ce67715cc5","cell_type":"code","source":"job_dict = read_nested_dict_from_hdf(\n    file_name=job.project_hdf5.file_name,\n    h5_path=\"/\",\n    recursive=True,\n    slash='ignore',\n)","metadata":{"trusted":true},"outputs":[],"execution_count":18},{"id":"621b2855-9551-4e8e-a416-c704d13bfe0a","cell_type":"code","source":"sphinx_input_parameter_dict = convert_datacontainer_to_dictionary(data_container_dict=job_dict[\"sx\"][\"input\"][\"parameters\"])","metadata":{"trusted":true},"outputs":[],"execution_count":19},{"id":"17950b55-fd9c-478a-8f11-37bfe0ddb151","cell_type":"code","source":"generic_input_dict = convert_generic_parameters_to_dictionary(\n    generic_parameter_dict=job_dict[\"sx\"][\"input\"]['generic'],\n)","metadata":{"trusted":true},"outputs":[],"execution_count":20},{"id":"39c33dcc-1f01-458f-b5d8-808e4e46d35a","cell_type":"code","source":"output_dict = convert_datacontainer_to_dictionary(data_container_dict=job_dict[\"sx\"][\"output\"][\"generic\"])","metadata":{"trusted":true},"outputs":[],"execution_count":21},{"id":"ea02a078-c4fb-46b6-9c72-5364cff14b5e","cell_type":"code","source":"ureg = UnitRegistry()","metadata":{"trusted":true},"outputs":[],"execution_count":22},{"id":"b35ddcf3-5ed4-4213-945a-99e6f79beb30","cell_type":"code","source":"sphinx_job = SphinxJob(\n    executable=Executable(\n        version=job_dict[\"sx\"][\"executable\"][\"executable\"][\"version\"],\n        name=job_dict[\"sx\"][\"executable\"][\"executable\"][\"name\"],\n        operation_system_nt=job_dict[\"sx\"][\"executable\"][\"executable\"][\"operation_system_nt\"],\n        executable=job_dict[\"sx\"][\"executable\"][\"executable\"][\"executable\"],\n        mpi=job_dict[\"sx\"][\"executable\"][\"executable\"][\"mpi\"],\n        accepted_return_codes=job_dict[\"sx\"][\"executable\"][\"executable\"][\"accepted_return_codes\"],\n    ),\n    server=Server(\n        user=job_dict[\"sx\"][\"server\"][\"user\"],\n        host=job_dict[\"sx\"][\"server\"][\"host\"],\n        run_mode=job_dict[\"sx\"][\"server\"][\"run_mode\"],\n        queue=job_dict[\"sx\"][\"server\"][\"queue\"],\n        qid=job_dict[\"sx\"][\"server\"][\"qid\"],\n        cores=job_dict[\"sx\"][\"server\"][\"cores\"],\n        threads=job_dict[\"sx\"][\"server\"][\"threads\"],\n        new_h5=job_dict[\"sx\"][\"server\"][\"new_h5\"],\n        structure_id=job_dict[\"sx\"][\"server\"][\"structure_id\"],\n        run_time=job_dict[\"sx\"][\"server\"][\"run_time\"],\n        memory_limit=job_dict[\"sx\"][\"server\"][\"memory_limit\"],\n        accept_crash=job_dict[\"sx\"][\"server\"][\"accept_crash\"],\n    ),\n    calculation_input=SphinxInput(\n        generic_dict=GenericDict(\n            restart_file_list=job_dict[\"sx\"][\"input\"]['generic_dict']['restart_file_list'],\n            restart_file_dict=job_dict[\"sx\"][\"input\"]['generic_dict']['restart_file_dict'],\n            exclude_nodes_hdf=job_dict[\"sx\"][\"input\"]['generic_dict']['exclude_nodes_hdf'],\n            exclude_groups_hdf=job_dict[\"sx\"][\"input\"]['generic_dict']['exclude_groups_hdf'],\n        ),\n        interactive=Interactive(\n            interactive_flush_frequency=job_dict[\"sx\"][\"input\"]['interactive'][\"interactive_flush_frequency\"],\n            interactive_write_frequency=job_dict[\"sx\"][\"input\"]['interactive'][\"interactive_flush_frequency\"],\n        ),\n        generic=GenericInput(\n            calc_mode=generic_input_dict[\"calc_mode\"],\n            structure=generic_input_dict[\"structure\"],\n            fix_symmetry=generic_input_dict.get(\"fix_symmetry\", None),\n            k_mesh_spacing=generic_input_dict.get(\"k_mesh_spacing\", None),\n            k_mesh_center_shift=generic_input_dict.get(\"k_mesh_center_shift\", None),\n            reduce_kpoint_symmetry=generic_input_dict.get(\"reduce_kpoint_symmetry\", None),\n            restart_for_band_structure=generic_input_dict.get(\"restart_for_band_structure\", None),\n            path_name=generic_input_dict.get(\"path_name\", None),\n            n_path=generic_input_dict.get(\"n_path\", None),\n            fix_spin_constraint=generic_input_dict.get(\"fix_spin_constraint\", None),\n            max_iter=generic_input_dict.get(\"max_iter\", None),\n            temperature=generic_input_dict.get(\"temperature\", None),\n            n_ionic_steps=generic_input_dict.get(\"n_ionic_steps\", None),\n            n_print=generic_input_dict.get(\"n_print\", None),\n            temperature_damping_timescale=generic_input_dict.get(\"temperature_damping_timescale\", None),\n            pressure_damping_timescale=generic_input_dict.get(\"pressure_damping_timescale\", None),\n            time_step=generic_input_dict.get(\"time_step\", None),\n        ),\n        parameters=SphinxInputParameters(\n            sphinx=SphinxInternalInput(\n                paw_pot=PawPot(\n                    species=[\n                        Species(name=s[\"name\"], pot_type=s[\"potType\"], element=s[\"element\"], potential=s[\"potential\"]) \n                        for s in sphinx_input_parameter_dict['sphinx'][\"pawPot\"][\"species\"]\n                    ]\n                ),\n                structure=SphinxStructure(\n                    cell=sphinx_input_parameter_dict['sphinx'][\"structure\"][\"cell\"],\n                    species=[\n                        SphinxElement(\n                            element=s[\"element\"],\n                            atom=[\n                                SphinxAtom(label=a[\"label\"], coords=a[\"coords\"], movable=bool(a[\"movable\"])) \n                                for a in s[\"atom\"]\n                            ],\n                        )\n                        for s in sphinx_input_parameter_dict['sphinx'][\"structure\"][\"species\"]\n                    ]\n                ),\n                basis=SphinxBasis(\n                    e_cut=sphinx_input_parameter_dict['sphinx'][\"basis\"][\"eCut\"],\n                    k_point=SphinxKpoint(\n                        coords=sphinx_input_parameter_dict['sphinx'][\"basis\"][\"kPoint\"][\"coords\"], \n                        weight=sphinx_input_parameter_dict['sphinx'][\"basis\"][\"kPoint\"][\"weight\"], \n                        relative=bool(sphinx_input_parameter_dict['sphinx'][\"basis\"][\"kPoint\"][\"relative\"]),\n                    ),\n                    folding=sphinx_input_parameter_dict['sphinx'][\"basis\"][\"folding\"],\n                    save_memory=bool(sphinx_input_parameter_dict['sphinx'][\"basis\"][\"saveMemory\"])\n                ),\n                paw_hamilton=SphinxPawHamiltonian(\n                    number_empty_states=sphinx_input_parameter_dict['sphinx']['PAWHamiltonian']['nEmptyStates'],\n                    ekt=sphinx_input_parameter_dict['sphinx']['PAWHamiltonian']['ekt'],\n                    methfessel_paxton=bool(sphinx_input_parameter_dict['sphinx']['PAWHamiltonian']['MethfesselPaxton']),\n                    xc=sphinx_input_parameter_dict['sphinx']['PAWHamiltonian']['xc'],\n                    spin_polarized=sphinx_input_parameter_dict['sphinx']['PAWHamiltonian']['spinPolarized'],\n                ),\n                initial_guess=SphinxInitialGuess(\n                    waves=SphinxWaves(paw_basis=sphinx_input_parameter_dict['sphinx']['initialGuess'][\"waves\"][\"pawBasis\"], lcao=sphinx_input_parameter_dict['sphinx']['initialGuess'][\"waves\"][\"lcao\"]),\n                    rho=SphinxRho(atomic_orbitals=sphinx_input_parameter_dict['sphinx']['initialGuess'][\"rho\"][\"atomicOrbitals\"]),\n                    no_waves_storage=bool(sphinx_input_parameter_dict['sphinx']['initialGuess'][\"noWavesStorage\"]),\n                ),\n                main=SphinxMain(\n                    ric_qn=SphinxRicQN(\n                        max_steps=int(sphinx_input_parameter_dict['sphinx']['main']['ricQN']['maxSteps']),\n                        max_step_length=float(sphinx_input_parameter_dict['sphinx']['main']['ricQN']['maxStepLength']),\n                        born_oppenheimer=BornOppenheimer(\n                            scf_diag=ScfDiag(\n                                rho_mixing=float(sphinx_input_parameter_dict['sphinx']['main']['ricQN']['bornOppenheimer']['scfDiag']['rhoMixing']),\n                                spin_mixing=float(sphinx_input_parameter_dict['sphinx']['main']['ricQN']['bornOppenheimer']['scfDiag']['spinMixing']),\n                                delta_energy=sphinx_input_parameter_dict['sphinx']['main']['ricQN']['bornOppenheimer']['scfDiag']['dEnergy'],\n                                max_steps=sphinx_input_parameter_dict['sphinx']['main']['ricQN']['bornOppenheimer']['scfDiag']['maxSteps'],\n                                preconditioner=SphinxPreConditioner(\n                                    type=sphinx_input_parameter_dict['sphinx']['main']['ricQN']['bornOppenheimer']['scfDiag']['preconditioner'][\"type\"],\n                                    scaling=sphinx_input_parameter_dict['sphinx']['main']['ricQN']['bornOppenheimer']['scfDiag']['preconditioner'][\"scaling\"],\n                                    spin_scaling=sphinx_input_parameter_dict['sphinx']['main']['ricQN']['bornOppenheimer']['scfDiag']['preconditioner'][\"spinScaling\"],\n                                ),\n                                block_ccg=sphinx_input_parameter_dict['sphinx']['main']['ricQN']['bornOppenheimer']['scfDiag']['blockCCG'],\n                            ),\n                        ),\n                    ),\n                ),\n            ),\n            encut=float(sphinx_input_parameter_dict[\"EnCut\"]),\n            kpointcoords=sphinx_input_parameter_dict[\"KpointCoords\"],\n            kpointfolding=sphinx_input_parameter_dict[\"KpointFolding\"],\n            empty_states=int(sphinx_input_parameter_dict[\"EmptyStates\"]),\n            methfessel_paxton=bool(sphinx_input_parameter_dict[\"MethfesselPaxton\"]),\n            sigma=float(sphinx_input_parameter_dict[\"Sigma\"]), \n            xcorr=sphinx_input_parameter_dict[\"Xcorr\"],\n            vasppot=bool(sphinx_input_parameter_dict[\"VaspPot\"]),\n            e_step=int(sphinx_input_parameter_dict[\"Estep\"]),\n            ediff=float(sphinx_input_parameter_dict[\"Ediff\"]),\n            write_waves=bool(sphinx_input_parameter_dict[\"WriteWaves\"]),\n            kj_xc=bool(sphinx_input_parameter_dict[\"KJxc\"]),\n            save_memory=bool(sphinx_input_parameter_dict[\"SaveMemory\"]),\n            rho_mixing=float(sphinx_input_parameter_dict[\"rhoMixing\"]),\n            spin_mixing=float(sphinx_input_parameter_dict[\"spinMixing\"]),\n            rho_residual_scaling=float(sphinx_input_parameter_dict[\"rhoResidualScaling\"]),\n            spin_residual_scaling=float(sphinx_input_parameter_dict[\"spinResidualScaling\"]),\n            check_overlap=bool(sphinx_input_parameter_dict[\"CheckOverlap\"]),\n            threads=bool(sphinx_input_parameter_dict[\"THREADS\"]),\n            use_on_the_fly_cg_optimization=bool(sphinx_input_parameter_dict[\"use_on_the_fly_cg_optimization\"]),\n            ionic_step=int(sphinx_input_parameter_dict[\"Istep\"]),\n        ),\n        structure=Structure(\n            dimension=job_dict[\"sx\"][\"input\"][\"structure\"]['dimension'],\n            indices=job_dict[\"sx\"][\"input\"][\"structure\"]['indices'],\n            info=job_dict[\"sx\"][\"input\"][\"structure\"]['info'],\n            positions=job_dict[\"sx\"][\"input\"][\"structure\"]['positions'],\n            species=job_dict[\"sx\"][\"input\"][\"structure\"]['species'],\n            cell=Cell(\n                cell=job_dict[\"sx\"][\"input\"][\"structure\"]['cell'][\"cell\"],\n                pbc=job_dict[\"sx\"][\"input\"][\"structure\"][\"cell\"]['pbc'],\n            ),\n            units=Units(\n                length=job_dict[\"sx\"][\"input\"][\"structure\"]['units'][\"length\"],\n                mass=job_dict[\"sx\"][\"input\"][\"structure\"]['units'][\"mass\"],\n            )\n        ),\n    ),\n    calculation_output=SphinxOutput(\n        charge_density=SphinxOutputChargeDensity(total=job_dict[\"sx\"][\"output\"]['charge_density'][\"total\"]),\n        electronic_structure=SphinxElectronicStructure(\n            efermi=job_dict[\"sx\"][\"output\"]['electronic_structure'][\"efermi\"],\n            eig_matrix=job_dict[\"sx\"][\"output\"]['electronic_structure'][\"eig_matrix\"],\n            k_points=job_dict[\"sx\"][\"output\"]['electronic_structure'][\"k_points\"],\n            k_weights=job_dict[\"sx\"][\"output\"]['electronic_structure'][\"k_weights\"],\n            occ_matrix=job_dict[\"sx\"][\"output\"]['electronic_structure'][\"occ_matrix\"],\n            dos=SphinxDensityOfStates(\n                energies=job_dict[\"sx\"][\"output\"]['electronic_structure'][\"dos\"][\"energies\"],\n                int_densities=job_dict[\"sx\"][\"output\"]['electronic_structure'][\"dos\"][\"int_densities\"],\n                tot_densities=job_dict[\"sx\"][\"output\"]['electronic_structure'][\"dos\"][\"tot_densities\"],\n            ),\n        ),\n        electrostatic_potential=SphinxElectrostaticPotential(total=job_dict[\"sx\"][\"output\"]['electrostatic_potential'][\"total\"]),\n        generic=GenericOutput(\n            cells=output_dict[\"cells\"] * ureg.angstrom,\n            energy_pot=output_dict[\"energy_pot\"] * ureg.eV,\n            energy_tot=output_dict[\"energy_tot\"] * ureg.eV,\n            forces=output_dict[\"forces\"] * ureg.eV / ureg.angstrom,\n            indices=output_dict.get(\"indices\", None),\n            natoms=output_dict.get(\"natoms\", None),\n            positions=output_dict[\"positions\"] * ureg.angstrom,\n            pressures=output_dict.get(\"pressures\", None),\n            steps=output_dict.get(\"steps\", None),\n            temperature=output_dict.get(\"temperature\", None),\n            unwrapped_positions=output_dict.get(\"unwarapped_positions\", None),\n            velocities=output_dict.get(\"velocities\", None),\n            volume=output_dict[\"volume\"] * ureg.angstrom * ureg.angstrom * ureg.angstrom,\n            dft=OutputGenericDFT(\n                energy_free=output_dict[\"dft\"]['energy_free'] * ureg.eV,\n                n_valence=output_dict[\"dft\"]['n_valence'],\n                bands_k_weights=output_dict[\"dft\"]['bands_k_weights'],\n                kpoints_cartesian=output_dict[\"dft\"]['kpoints_cartesian'],\n                bands_e_fermi=output_dict[\"dft\"]['bands_e_fermi'],\n                bands_occ=output_dict[\"dft\"]['bands_occ'],\n                bands_eigen_values=output_dict[\"dft\"]['bands_eigen_values'],\n                scf_convergence=output_dict[\"dft\"]['scf_convergence'],\n                scf_energy_int=output_dict[\"dft\"]['scf_energy_int'] * ureg.eV,\n                scf_energy_free=output_dict[\"dft\"]['scf_energy_free'] * ureg.eV,\n                scf_computation_time=output_dict[\"dft\"]['scf_computation_time'],\n                scf_energy_zero=output_dict[\"dft\"]['scf_energy_zero'],\n                scf_energy_band=output_dict[\"dft\"]['scf_energy_band'],\n                scf_electronic_entropy=output_dict[\"dft\"]['scf_electronic_entropy'],\n                scf_residue=output_dict[\"dft\"]['scf_residue'],\n                energy_int=output_dict[\"dft\"]['energy_int'],\n                computation_time=output_dict[\"dft\"]['computation_time'],\n                energy_zero=output_dict[\"dft\"]['energy_zero'] * ureg.eV,\n                energy_band=output_dict[\"dft\"]['energy_band'] * ureg.eV,\n                electronic_entropy=output_dict[\"dft\"]['electronic_entropy'],\n                residue=output_dict[\"dft\"]['residue'],\n            ),\n        ),\n    ),\n    job_id=job_dict[\"sx\"][\"job_id\"],\n    status=job_dict[\"sx\"][\"status\"],\n)\n\nsphinx_job","metadata":{"trusted":true},"outputs":[{"execution_count":23,"output_type":"execute_result","data":{"text/plain":"SphinxJob(executable=Executable(version='2.6.1', name='sphinx', operation_system_nt=False, executable=None, mpi=False, accepted_return_codes=[0]), server=Server(user='pyiron', host='jupyter-pyiron-2ddev-2dpyiron-2dhdf5-2dformat-2dfnq51935', run_mode='modal', queue=None, qid=None, cores=1, threads=1, new_h5=True, structure_id=None, run_time=None, memory_limit=None, accept_crash=False), calculation_input=SphinxInput(generic_dict=GenericDict(restart_file_list=[], restart_file_dict={}, exclude_nodes_hdf=[], exclude_groups_hdf=[]), interactive=Interactive(interactive_flush_frequency=1, interactive_write_frequency=1), generic=GenericInput(calc_mode='minimize', structure='atoms', fix_symmetry='True', k_mesh_spacing=None, k_mesh_center_shift=None, reduce_kpoint_symmetry=True, restart_for_band_structure=False, path_name=None, n_path=None, fix_spin_constraint=False, max_iter=None, temperature=None, n_ionic_steps=None, n_print=None, temperature_damping_timescale=None, pressure_damping_timescale=None, time_step=None), parameters=SphinxInputParameters(sphinx=SphinxInternalInput(paw_pot=PawPot(species=[Species(name='\"Al\"', pot_type='\"AtomPAW\"', element='\"Al\"', potential='\"Al_GGA.atomicdata\"')]), structure=SphinxStructure(cell=array([[7.6533908, 0.       , 0.       ],\n       [0.       , 7.6533908, 0.       ],\n       [0.       , 0.       , 7.6533908]]), species=[SphinxElement(element='\"Al\"', atom=[SphinxAtom(label='\"spin_0.0\"', coords=array([0., 0., 0.]), movable=True), SphinxAtom(label='\"spin_0.0\"', coords=array([0.       , 3.8266954, 3.8266954]), movable=True), SphinxAtom(label='\"spin_0.0\"', coords=array([3.8266954, 0.       , 3.8266954]), movable=True), SphinxAtom(label='\"spin_0.0\"', coords=array([3.8266954, 3.8266954, 0.       ]), movable=True)])]), basis=SphinxBasis(e_cut=24.989539079445393, k_point=SphinxKpoint(coords=array([0.5, 0.5, 0.5]), weight=1, relative=True), folding=array([4, 4, 4]), save_memory=True), paw_hamilton=SphinxPawHamiltonian(number_empty_states=7, ekt=0.2, methfessel_paxton=True, xc='PBE', spin_polarized=0), initial_guess=SphinxInitialGuess(waves=SphinxWaves(paw_basis=1, lcao={}), rho=SphinxRho(atomic_orbitals=1), no_waves_storage=False), main=SphinxMain(ric_qn=SphinxRicQN(max_steps=100, max_step_length=0.18897261246257704, born_oppenheimer=BornOppenheimer(scf_diag=ScfDiag(rho_mixing=1.0, spin_mixing=1.0, delta_energy=3.674932217565499e-06, max_steps='100', preconditioner=SphinxPreConditioner(type='KERKER', scaling=1.0, spin_scaling=1.0), block_ccg={}))))), encut=340.0, kpointcoords=[0.5, 0.5, 0.5], kpointfolding=[4, 4, 4], empty_states=7, methfessel_paxton=True, sigma=0.2, xcorr='PBE', vasppot=False, e_step=100, ediff=0.0001, write_waves=True, kj_xc=False, save_memory=True, rho_mixing=1.0, spin_mixing=1.0, rho_residual_scaling=1.0, spin_residual_scaling=1.0, check_overlap=True, threads=True, use_on_the_fly_cg_optimization=True, ionic_step=100), structure=Structure(dimension=3, indices=array([0, 0, 0, 0]), info={}, positions=array([[0.   , 0.   , 0.   ],\n       [0.   , 2.025, 2.025],\n       [2.025, 0.   , 2.025],\n       [2.025, 2.025, 0.   ]]), species=['Al'], cell=Cell(cell=array([[4.05, 0.  , 0.  ],\n       [0.  , 4.05, 0.  ],\n       [0.  , 0.  , 4.05]]), pbc=array([ True,  True,  True])), units=Units(length='A', mass='u'))), calculation_output=SphinxOutput(charge_density=SphinxOutputChargeDensity(total=array([[[0.00150861, 0.00147094, 0.00135604, ..., 0.00117422,\n         0.00135604, 0.00147094],\n        [0.00147094, 0.00143289, 0.00131906, ..., 0.00114217,\n         0.00131906, 0.00143289],\n        [0.00135604, 0.00131906, 0.00121272, ..., 0.00105142,\n         0.00121272, 0.00131906],\n        ...,\n        [0.00117422, 0.00114217, 0.00105142, ..., 0.00091228,\n         0.00105142, 0.00114217],\n        [0.00135604, 0.00131906, 0.00121272, ..., 0.00105142,\n         0.00121272, 0.00131906],\n        [0.00147094, 0.00143289, 0.00131906, ..., 0.00114217,\n         0.00131906, 0.00143289]],\n\n       [[0.00147094, 0.00143289, 0.00131906, ..., 0.00114217,\n         0.00131906, 0.00143289],\n        [0.00143289, 0.00139502, 0.00128321, ..., 0.00111136,\n         0.00128321, 0.00139502],\n        [0.00131906, 0.00128321, 0.00118001, ..., 0.00102318,\n         0.00118001, 0.00128321],\n        ...,\n        [0.00114217, 0.00111136, 0.00102318, ..., 0.0008874 ,\n         0.00102318, 0.00111136],\n        [0.00131906, 0.00128321, 0.00118001, ..., 0.00102318,\n         0.00118001, 0.00128321],\n        [0.00143289, 0.00139502, 0.00128321, ..., 0.00111136,\n         0.00128321, 0.00139502]],\n\n       [[0.00135604, 0.00131906, 0.00121272, ..., 0.00105142,\n         0.00121272, 0.00131906],\n        [0.00131906, 0.00128321, 0.00118001, ..., 0.00102318,\n         0.00118001, 0.00128321],\n        [0.00121272, 0.00118001, 0.0010853 , ..., 0.00094061,\n         0.0010853 , 0.00118001],\n        ...,\n        [0.00105142, 0.00102318, 0.00094061, ..., 0.00081458,\n         0.00094061, 0.00102318],\n        [0.00121272, 0.00118001, 0.0010853 , ..., 0.00094061,\n         0.0010853 , 0.00118001],\n        [0.00131906, 0.00128321, 0.00118001, ..., 0.00102318,\n         0.00118001, 0.00128321]],\n\n       ...,\n\n       [[0.00117422, 0.00114217, 0.00105142, ..., 0.00091228,\n         0.00105142, 0.00114217],\n        [0.00114217, 0.00111136, 0.00102318, ..., 0.0008874 ,\n         0.00102318, 0.00111136],\n        [0.00105142, 0.00102318, 0.00094061, ..., 0.00081458,\n         0.00094061, 0.00102318],\n        ...,\n        [0.00091228, 0.0008874 , 0.00081458, ..., 0.00070832,\n         0.00081458, 0.0008874 ],\n        [0.00105142, 0.00102318, 0.00094061, ..., 0.00081458,\n         0.00094061, 0.00102318],\n        [0.00114217, 0.00111136, 0.00102318, ..., 0.0008874 ,\n         0.00102318, 0.00111136]],\n\n       [[0.00135604, 0.00131906, 0.00121272, ..., 0.00105142,\n         0.00121272, 0.00131906],\n        [0.00131906, 0.00128321, 0.00118001, ..., 0.00102318,\n         0.00118001, 0.00128321],\n        [0.00121272, 0.00118001, 0.0010853 , ..., 0.00094061,\n         0.0010853 , 0.00118001],\n        ...,\n        [0.00105142, 0.00102318, 0.00094061, ..., 0.00081458,\n         0.00094061, 0.00102318],\n        [0.00121272, 0.00118001, 0.0010853 , ..., 0.00094061,\n         0.0010853 , 0.00118001],\n        [0.00131906, 0.00128321, 0.00118001, ..., 0.00102318,\n         0.00118001, 0.00128321]],\n\n       [[0.00147094, 0.00143289, 0.00131906, ..., 0.00114217,\n         0.00131906, 0.00143289],\n        [0.00143289, 0.00139502, 0.00128321, ..., 0.00111136,\n         0.00128321, 0.00139502],\n        [0.00131906, 0.00128321, 0.00118001, ..., 0.00102318,\n         0.00118001, 0.00128321],\n        ...,\n        [0.00114217, 0.00111136, 0.00102318, ..., 0.0008874 ,\n         0.00102318, 0.00111136],\n        [0.00131906, 0.00128321, 0.00118001, ..., 0.00102318,\n         0.00118001, 0.00128321],\n        [0.00143289, 0.00139502, 0.00128321, ..., 0.00111136,\n         0.00128321, 0.00139502]]])), electronic_structure=SphinxElectronicStructure(efermi=5.702855, eig_matrix=array([[[-5.14  ,  1.4239,  1.4239,  1.4239,  5.9395,  5.9395,  5.9395,\n          7.7795,  7.7795,  7.7795, 11.4635, 11.4635, 11.4635],\n        [-4.0192, -1.8032,  2.4931,  2.4931,  4.6314,  4.6314,  7.0213,\n          7.0213,  8.8036,  9.1648,  9.1648, 10.8941, 11.1662],\n        [-2.9064, -0.7059, -0.7059,  1.4616,  3.5798,  5.6987,  5.6987,\n          7.8086,  8.0932, 10.1435, 10.1435, 12.2069, 13.4422],\n        [-1.8011,  0.3824,  0.3824,  0.3824,  2.5575,  2.5575,  2.5575,\n          4.6931, 13.1794, 13.1794, 13.1794, 14.4334, 14.4334]]]), k_points=array([[0.1592067, 0.1592067, 0.1592067],\n       [0.1592067, 0.1592067, 0.4776201],\n       [0.1592067, 0.4776201, 0.4776201],\n       [0.4776201, 0.4776201, 0.4776201]]), k_weights=array([0.125, 0.375, 0.375, 0.125]), occ_matrix=array([[[ 2.    ,  2.    ,  2.    ,  2.    , -0.0704, -0.0704, -0.0704,\n          0.    ,  0.    ,  0.    ,  0.    ,  0.    ,  0.    ],\n        [ 2.    ,  2.    ,  2.    ,  2.    ,  2.    ,  2.    , -0.    ,\n         -0.    ,  0.    ,  0.    ,  0.    ,  0.    ,  0.    ],\n        [ 2.    ,  2.    ,  2.    ,  2.    ,  2.    ,  1.0352,  1.0352,\n          0.    ,  0.    ,  0.    ,  0.    ,  0.    ,  0.    ],\n        [ 2.    ,  2.    ,  2.    ,  2.    ,  2.    ,  2.    ,  2.    ,\n          2.    ,  0.    ,  0.    ,  0.    ,  0.    ,  0.    ]]]), dos=SphinxDensityOfStates(energies='energies is not stored in SPHInX; use job.get_density_of_states instead', int_densities='int_densities is not stored in SPHInX; use job.get_density_of_states instead', tot_densities='tot_densities is not stored in SPHInX; use job.get_density_of_states instead')), electrostatic_potential=SphinxElectrostaticPotential(total=array([[[-130.0129419 , -129.70839772, -118.52928072, ...,\n          -82.05071029, -118.52928072, -129.70839772],\n        [-129.70839772, -127.55481586, -112.28869827, ...,\n          -74.34465334, -112.28869827, -127.55481586],\n        [-118.52928072, -112.28869827,  -89.88977639, ...,\n          -53.27368971,  -89.88977639, -112.28869827],\n        ...,\n        [ -82.05071029,  -74.34465334,  -53.27368971, ...,\n          -28.44967772,  -53.27368971,  -74.34465334],\n        [-118.52928072, -112.28869827,  -89.88977639, ...,\n          -53.27368971,  -89.88977639, -112.28869827],\n        [-129.70839772, -127.55481586, -112.28869827, ...,\n          -74.34465334, -112.28869827, -127.55481586]],\n\n       [[-129.70839772, -127.55481586, -112.28869827, ...,\n          -74.34465334, -112.28869827, -127.55481586],\n        [-127.55481586, -123.76048619, -105.25937012, ...,\n          -66.90580194, -105.25937012, -123.76048619],\n        [-112.28869827, -105.25937012,  -82.03937596, ...,\n          -47.19192633,  -82.03937596, -105.25937012],\n        ...,\n        [ -74.34465334,  -66.90580194,  -47.19192633, ...,\n          -25.01355294,  -47.19192633,  -66.90580194],\n        [-112.28869827, -105.25937012,  -82.03937596, ...,\n          -47.19192633,  -82.03937596, -105.25937012],\n        [-127.55481586, -123.76048619, -105.25937012, ...,\n          -66.90580194, -105.25937012, -123.76048619]],\n\n       [[-118.52928072, -112.28869827,  -89.88977639, ...,\n          -53.27368971,  -89.88977639, -112.28869827],\n        [-112.28869827, -105.25937012,  -82.0393